        0.10000       -0.07000        1.16813
        0.10000       -0.21000        1.16813
        0.10000       -0.34500        1.16813
        0.10000       -0.48000        1.16813
        0.10000       -0.62000        1.16813
        0.10000       -0.76000        1.16813
        0.10000       -0.89500        1.16813
        0.10000       -1.03000        1.16813
        0.10000       -1.17000        0.07490
        0.10000       -1.31000        0.07490
        0.10000       -1.44500        0.07490
        0.10000       -1.58000        0.07490
        0.10000       -1.69000        0.07490
        0.10000       -1.76500        0.07490
        0.10000       -1.84000        0.07490
        0.10000       -1.91500        0.07490
        0.10000       -1.99000       -0.03495
        0.10000       -2.07000       -0.03495
        0.10000       -2.14500       -0.03495
        0.10000       -2.22000       -0.03495
        0.10000       -2.30000       -0.03495
        0.10000       -2.37500       -0.03495
        0.10000       -2.45000        0.87497
        0.10000       -2.52500        0.87497
        0.10000       -2.60000        0.87497
        0.10000       -2.68000        0.87497
        0.10000       -2.75500        0.87497
        0.10000       -2.83000        0.87497
        0.10000       -2.91000        1.69774
        0.10000       -2.98500        1.69774
        0.10000       -3.06000        1.69774
        0.10000       -3.13500        1.69774
        0.10000       -3.21000        1.69774
        0.10000       -3.29000        1.69774
        0.10000       -3.36500        1.59022
        0.10000       -3.44000        1.59022
        0.10000       -3.51500        1.59022
        0.10000       -3.59000        1.59022
        0.10000       -3.67000        1.59022
        0.10000       -3.74500        1.59022
        0.10000       -3.82000        2.00123
        0.10000       -3.90000        2.00123
        0.10000       -3.97500        2.00123
        0.10000       -4.05000        2.00123
        0.10000       -4.12500        2.00123
        0.10000       -4.20000        2.00123
        0.10000       -4.28000        2.11371
        0.10000       -4.35500        2.11371
        0.10000       -4.43000        2.11371
        0.10000       -4.51000        2.11371
        0.10000       -4.58500        2.11371
        0.10000       -4.66000        2.11371
        0.10000       -4.73500        1.91466
        0.10000       -4.81000        1.91466
        0.10000       -4.89000        1.91466
        0.10000       -4.96500        1.91466
        0.10000       -5.04000        1.91466
        0.10000       -5.12000        1.91466
        0.10000       -5.19500        2.23872
        0.10000       -5.27000        2.23872
        0.10000       -5.34500        2.23872
        0.10000       -5.42000        2.23872
        0.10000       -5.50000        2.23872
        0.10000       -5.57500        2.23872
        0.10000       -5.65000        2.63505
        0.10000       -5.72500        2.63505
        0.10000       -5.80000        2.63505
        0.10000       -5.88000        2.63505
        0.10000       -5.95500        2.63505
        0.10000       -6.03000        2.63505
        0.10000       -6.11000        2.56734
        0.10000       -6.18500        2.56734
        0.10000       -6.26000        2.56734
        0.10000       -6.33500        2.56734
        0.10000       -6.41000        2.56734
        0.10000       -6.49000        2.56734
        0.10000       -6.56500        2.56734
        0.10000       -6.64000        2.20405
        0.10000       -6.72000        2.20405
        0.10000       -6.79500        2.20405
        0.10000       -6.87000        2.20405
        0.10000       -6.94500        2.20405
        0.10000       -7.02000        2.20405
        0.10000       -7.10000        2.20405
        0.10000       -7.17500        2.11210
        0.10000       -7.25000        2.11210
        0.10000       -7.32500        2.11210
        0.10000       -7.40000        2.11210
        0.10000       -7.48000        2.11210
        0.10000       -7.55500        2.11210
        0.10000       -7.63000        2.11210
        0.10000       -7.71000        2.20030
        0.10000       -7.78500        2.20030
        0.10000       -7.86000        2.20030
        0.10000       -7.93500        2.20030
        0.10000       -8.01000        2.20030
        0.10000       -8.09000        2.20030
        0.10000       -8.16500        2.20030
        0.10000       -8.24000        2.42856
        0.10000       -8.32000        2.42856
        0.10000       -8.39500        2.42856
        0.10000       -8.47000        2.42856
        0.10000       -8.54500        2.42856
        0.10000       -8.62000        2.42856
        0.30000       -0.07000        1.14621
        0.30000       -0.21000        1.14621
        0.30000       -0.34500        1.14621
        0.30000       -0.48000        1.14621
        0.30000       -0.62000        1.14621
        0.30000       -0.76000        1.14621
        0.30000       -0.89500        1.14621
        0.30000       -1.03000        1.14621
        0.30000       -1.17000        0.60513
        0.30000       -1.31000        0.60513
        0.30000       -1.44500        0.60513
        0.30000       -1.58000        0.60513
        0.30000       -1.69000        0.60513
        0.30000       -1.76500        0.60513
        0.30000       -1.84000        0.60513
        0.30000       -1.91500        0.60513
        0.30000       -1.99000        0.45416
        0.30000       -2.07000        0.45416
        0.30000       -2.14500        0.45416
        0.30000       -2.22000        0.45416
        0.30000       -2.30000        0.45416
        0.30000       -2.37500        0.45416
        0.30000       -2.45000        0.93361
        0.30000       -2.52500        0.93361
        0.30000       -2.60000        0.93361
        0.30000       -2.68000        0.93361
        0.30000       -2.75500        0.93361
        0.30000       -2.83000        0.93361
        0.30000       -2.91000        1.44022
        0.30000       -2.98500        1.44022
        0.30000       -3.06000        1.44022
        0.30000       -3.13500        1.44022
        0.30000       -3.21000        1.44022
        0.30000       -3.29000        1.44022
        0.30000       -3.36500        1.54884
        0.30000       -3.44000        1.54884
        0.30000       -3.51500        1.54884
        0.30000       -3.59000        1.54884
        0.30000       -3.67000        1.54884
        0.30000       -3.74500        1.54884
        0.30000       -3.82000        1.82588
        0.30000       -3.90000        1.82588
        0.30000       -3.97500        1.82588
        0.30000       -4.05000        1.82588
        0.30000       -4.12500        1.82588
        0.30000       -4.20000        1.82588
        0.30000       -4.28000        1.90479
        0.30000       -4.35500        1.90479
        0.30000       -4.43000        1.90479
        0.30000       -4.51000        1.90479
        0.30000       -4.58500        1.90479
        0.30000       -4.66000        1.90479
        0.30000       -4.73500        1.35267
        0.30000       -4.81000        1.35267
        0.30000       -4.89000        1.35267
        0.30000       -4.96500        1.35267
        0.30000       -5.04000        1.35267
        0.30000       -5.12000        1.35267
        0.30000       -5.19500        1.88194
        0.30000       -5.27000        1.88194
        0.30000       -5.34500        1.88194
        0.30000       -5.42000        1.88194
        0.30000       -5.50000        1.88194
        0.30000       -5.57500        1.88194
        0.30000       -5.65000        2.02998
        0.30000       -5.72500        2.02998
        0.30000       -5.80000        2.02998
        0.30000       -5.88000        2.02998
        0.30000       -5.95500        2.02998
        0.30000       -6.03000        2.02998
        0.30000       -6.11000        2.04861
        0.30000       -6.18500        2.04861
        0.30000       -6.26000        2.04861
        0.30000       -6.33500        2.04861
        0.30000       -6.41000        2.04861
        0.30000       -6.49000        2.04861
        0.30000       -6.56500        2.04861
        0.30000       -6.64000        1.76234
        0.30000       -6.72000        1.76234
        0.30000       -6.79500        1.76234
        0.30000       -6.87000        1.76234
        0.30000       -6.94500        1.76234
        0.30000       -7.02000        1.76234
        0.30000       -7.10000        1.76234
        0.30000       -7.17500        1.69745
        0.30000       -7.25000        1.69745
        0.30000       -7.32500        1.69745
        0.30000       -7.40000        1.69745
        0.30000       -7.48000        1.69745
        0.30000       -7.55500        1.69745
        0.30000       -7.63000        1.69745
        0.30000       -7.71000        2.01680
        0.30000       -7.78500        2.01680
        0.30000       -7.86000        2.01680
        0.30000       -7.93500        2.01680
        0.30000       -8.01000        2.01680
        0.30000       -8.09000        2.01680
        0.30000       -8.16500        2.01680
        0.30000       -8.24000        1.55080
        0.30000       -8.32000        1.55080
        0.30000       -8.39500        1.55080
        0.30000       -8.47000        1.55080
        0.30000       -8.54500        1.55080
        0.30000       -8.62000        1.55080
        0.49500       -0.07000        1.05277
        0.49500       -0.21000        1.05277
        0.49500       -0.34500        1.05277
        0.49500       -0.48000        1.05277
        0.49500       -0.62000        1.05277
        0.49500       -0.76000        1.05277
        0.49500       -0.89500        1.05277
        0.49500       -1.03000        1.05277
        0.49500       -1.17000        0.93562
        0.49500       -1.31000        0.93562
        0.49500       -1.44500        0.93562
        0.49500       -1.58000        0.93562
        0.49500       -1.69000        0.93562
        0.49500       -1.76500        0.93562
        0.49500       -1.84000        0.93562
        0.49500       -1.91500        0.93562
        0.49500       -1.99000        0.80437
        0.49500       -2.07000        0.80437
        0.49500       -2.14500        0.80437
        0.49500       -2.22000        0.80437
        0.49500       -2.30000        0.80437
        0.49500       -2.37500        0.80437
        0.49500       -2.45000        0.94816
        0.49500       -2.52500        0.94816
        0.49500       -2.60000        0.94816
        0.49500       -2.68000        0.94816
        0.49500       -2.75500        0.94816
        0.49500       -2.83000        0.94816
        0.49500       -2.91000        1.35910
        0.49500       -2.98500        1.35910
        0.49500       -3.06000        1.35910
        0.49500       -3.13500        1.35910
        0.49500       -3.21000        1.35910
        0.49500       -3.29000        1.35910
        0.49500       -3.36500        1.68482
        0.49500       -3.44000        1.68482
        0.49500       -3.51500        1.68482
        0.49500       -3.59000        1.68482
        0.49500       -3.67000        1.68482
        0.49500       -3.74500        1.68482
        0.49500       -3.82000        2.05469
        0.49500       -3.90000        2.05469
        0.49500       -3.97500        2.05469
        0.49500       -4.05000        2.05469
        0.49500       -4.12500        2.05469
        0.49500       -4.20000        2.05469
        0.49500       -4.28000        2.14433
        0.49500       -4.35500        2.14433
        0.49500       -4.43000        2.14433
        0.49500       -4.51000        2.14433
        0.49500       -4.58500        2.14433
        0.49500       -4.66000        2.14433
        0.49500       -4.73500        2.03953
        0.49500       -4.81000        2.03953
        0.49500       -4.89000        2.03953
        0.49500       -4.96500        2.03953
        0.49500       -5.04000        2.03953
        0.49500       -5.12000        2.03953
        0.49500       -5.19500        2.06393
        0.49500       -5.27000        2.06393
        0.49500       -5.34500        2.06393
        0.49500       -5.42000        2.06393
        0.49500       -5.50000        2.06393
        0.49500       -5.57500        2.06393
        0.49500       -5.65000        2.25409
        0.49500       -5.72500        2.25409
        0.49500       -5.80000        2.25409
        0.49500       -5.88000        2.25409
        0.49500       -5.95500        2.25409
        0.49500       -6.03000        2.25409
        0.49500       -6.11000        2.40512
        0.49500       -6.18500        2.40512
        0.49500       -6.26000        2.40512
        0.49500       -6.33500        2.40512
        0.49500       -6.41000        2.40512
        0.49500       -6.49000        2.40512
        0.49500       -6.56500        2.40512
        0.49500       -6.64000        2.19699
        0.49500       -6.72000        2.19699
        0.49500       -6.79500        2.19699
        0.49500       -6.87000        2.19699
        0.49500       -6.94500        2.19699
        0.49500       -7.02000        2.19699
        0.49500       -7.10000        2.19699
        0.49500       -7.17500        2.10128
        0.49500       -7.25000        2.10128
        0.49500       -7.32500        2.10128
        0.49500       -7.40000        2.10128
        0.49500       -7.48000        2.10128
        0.49500       -7.55500        2.10128
        0.49500       -7.63000        2.10128
        0.49500       -7.71000        1.83478
        0.49500       -7.78500        1.83478
        0.49500       -7.86000        1.83478
        0.49500       -7.93500        1.83478
        0.49500       -8.01000        1.83478
        0.49500       -8.09000        1.83478
        0.49500       -8.16500        1.83478
        0.49500       -8.24000        1.27549
        0.49500       -8.32000        1.27549
        0.49500       -8.39500        1.27549
        0.49500       -8.47000        1.27549
        0.49500       -8.54500        1.27549
        0.49500       -8.62000        1.27549
        0.69000       -0.07000        1.04131
        0.69000       -0.21000        1.04131
        0.69000       -0.34500        1.04131
        0.69000       -0.48000        1.04131
        0.69000       -0.62000        1.04131
        0.69000       -0.76000        1.04131
        0.69000       -0.89500        1.04131
        0.69000       -1.03000        1.04131
        0.69000       -1.17000        1.38365
        0.69000       -1.31000        1.38365
        0.69000       -1.44500        1.38365
        0.69000       -1.58000        1.38365
        0.69000       -1.69000        1.38365
        0.69000       -1.76500        1.38365
        0.69000       -1.84000        1.38365
        0.69000       -1.91500        1.38365
        0.69000       -1.99000        1.21687
        0.69000       -2.07000        1.21687
        0.69000       -2.14500        1.21687
        0.69000       -2.22000        1.21687
        0.69000       -2.30000        1.21687
        0.69000       -2.37500        1.21687
        0.69000       -2.45000        1.03424
        0.69000       -2.52500        1.03424
        0.69000       -2.60000        1.03424
        0.69000       -2.68000        1.03424
        0.69000       -2.75500        1.03424
        0.69000       -2.83000        1.03424
        0.69000       -2.91000        1.39748
        0.69000       -2.98500        1.39748
        0.69000       -3.06000        1.39748
        0.69000       -3.13500        1.39748
        0.69000       -3.21000        1.39748
        0.69000       -3.29000        1.39748
        0.69000       -3.36500        1.84295
        0.69000       -3.44000        1.84295
        0.69000       -3.51500        1.84295
        0.69000       -3.59000        1.84295
        0.69000       -3.67000        1.84295
        0.69000       -3.74500        1.84295
        0.69000       -3.82000        2.27610
        0.69000       -3.90000        2.27610
        0.69000       -3.97500        2.27610
        0.69000       -4.05000        2.27610
        0.69000       -4.12500        2.27610
        0.69000       -4.20000        2.27610
        0.69000       -4.28000        2.43942
        0.69000       -4.35500        2.43942
        0.69000       -4.43000        2.43942
        0.69000       -4.51000        2.43942
        0.69000       -4.58500        2.43942
        0.69000       -4.66000        2.43942
        0.69000       -4.73500        2.47858
        0.69000       -4.81000        2.47858
        0.69000       -4.89000        2.47858
        0.69000       -4.96500        2.47858
        0.69000       -5.04000        2.47858
        0.69000       -5.12000        2.47858
        0.69000       -5.19500        2.50734
        0.69000       -5.27000        2.50734
        0.69000       -5.34500        2.50734
        0.69000       -5.42000        2.50734
        0.69000       -5.50000        2.50734
        0.69000       -5.57500        2.50734
        0.69000       -5.65000        2.65293
        0.69000       -5.72500        2.65293
        0.69000       -5.80000        2.65293
        0.69000       -5.88000        2.65293
        0.69000       -5.95500        2.65293
        0.69000       -6.03000        2.65293
        0.69000       -6.11000        2.82819
        0.69000       -6.18500        2.82819
        0.69000       -6.26000        2.82819
        0.69000       -6.33500        2.82819
        0.69000       -6.41000        2.82819
        0.69000       -6.49000        2.82819
        0.69000       -6.56500        2.82819
        0.69000       -6.64000        2.70017
        0.69000       -6.72000        2.70017
        0.69000       -6.79500        2.70017
        0.69000       -6.87000        2.70017
        0.69000       -6.94500        2.70017
        0.69000       -7.02000        2.70017
        0.69000       -7.10000        2.70017
        0.69000       -7.17500        2.43473
        0.69000       -7.25000        2.43473
        0.69000       -7.32500        2.43473
        0.69000       -7.40000        2.43473
        0.69000       -7.48000        2.43473
        0.69000       -7.55500        2.43473
        0.69000       -7.63000        2.43473
        0.69000       -7.71000        2.00012
        0.69000       -7.78500        2.00012
        0.69000       -7.86000        2.00012
        0.69000       -7.93500        2.00012
        0.69000       -8.01000        2.00012
        0.69000       -8.09000        2.00012
        0.69000       -8.16500        2.00012
        0.69000       -8.24000        1.45727
        0.69000       -8.32000        1.45727
        0.69000       -8.39500        1.45727
        0.69000       -8.47000        1.45727
        0.69000       -8.54500        1.45727
        0.69000       -8.62000        1.45727
        0.89000       -0.07000        0.99592
        0.89000       -0.21000        0.99592
        0.89000       -0.34500        0.99592
        0.89000       -0.48000        0.99592
        0.89000       -0.62000        0.99592
        0.89000       -0.76000        0.99592
        0.89000       -0.89500        0.99592
        0.89000       -1.03000        0.99592
        0.89000       -1.17000        1.12988
        0.89000       -1.31000        1.12988
        0.89000       -1.44500        1.12988
        0.89000       -1.58000        1.12988
        0.89000       -1.69000        1.12988
        0.89000       -1.76500        1.12988
        0.89000       -1.84000        1.12988
        0.89000       -1.91500        1.12988
        0.89000       -1.99000       -0.68682
        0.89000       -2.07000       -0.68682
        0.89000       -2.14500       -0.68682
        0.89000       -2.22000       -0.68682
        0.89000       -2.30000       -0.68682
        0.89000       -2.37500       -0.68682
        0.89000       -2.45000       -1.03262
        0.89000       -2.52500       -1.03262
        0.89000       -2.60000       -1.03262
        0.89000       -2.68000       -1.03262
        0.89000       -2.75500       -1.03262
        0.89000       -2.83000       -1.03262
        0.89000       -2.91000       -0.99458
        0.89000       -2.98500       -0.99458
        0.89000       -3.06000       -0.99458
        0.89000       -3.13500       -0.99458
        0.89000       -3.21000       -0.99458
        0.89000       -3.29000       -0.99458
        0.89000       -3.36500       -0.70424
        0.89000       -3.44000       -0.70424
        0.89000       -3.51500       -0.70424
        0.89000       -3.59000       -0.70424
        0.89000       -3.67000       -0.70424
        0.89000       -3.74500       -0.70424
        0.89000       -3.82000       -0.24508
        0.89000       -3.90000       -0.24508
        0.89000       -3.97500       -0.24508
        0.89000       -4.05000       -0.24508
        0.89000       -4.12500       -0.24508
        0.89000       -4.20000       -0.24508
        0.89000       -4.28000        0.01711
        0.89000       -4.35500        0.01711
        0.89000       -4.43000        0.01711
        0.89000       -4.51000        0.01711
        0.89000       -4.58500        0.01711
        0.89000       -4.66000        0.01711
        0.89000       -4.73500        0.17549
        0.89000       -4.81000        0.17549
        0.89000       -4.89000        0.17549
        0.89000       -4.96500        0.17549
        0.89000       -5.04000        0.17549
        0.89000       -5.12000        0.17549
        0.89000       -5.19500        0.32635
        0.89000       -5.27000        0.32635
        0.89000       -5.34500        0.32635
        0.89000       -5.42000        0.32635
        0.89000       -5.50000        0.32635
        0.89000       -5.57500        0.32635
        0.89000       -5.65000        0.49364
        0.89000       -5.72500        0.49364
        0.89000       -5.80000        0.49364
        0.89000       -5.88000        0.49364
        0.89000       -5.95500        0.49364
        0.89000       -6.03000        0.49364
        0.89000       -6.11000        0.60040
        0.89000       -6.18500        0.60040
        0.89000       -6.26000        0.60040
        0.89000       -6.33500        0.60040
        0.89000       -6.41000        0.60040
        0.89000       -6.49000        0.60040
        0.89000       -6.56500        0.60040
        0.89000       -6.64000        0.26520
        0.89000       -6.72000        0.26520
        0.89000       -6.79500        0.26520
        0.89000       -6.87000        0.26520
        0.89000       -6.94500        0.26520
        0.89000       -7.02000        0.26520
        0.89000       -7.10000        0.26520
        0.89000       -7.17500       -0.38062
        0.89000       -7.25000       -0.38062
        0.89000       -7.32500       -0.38062
        0.89000       -7.40000       -0.38062
        0.89000       -7.48000       -0.38062
        0.89000       -7.55500       -0.38062
        0.89000       -7.63000       -0.38062
        0.89000       -7.71000       -0.26705
        0.89000       -7.78500       -0.26705
        0.89000       -7.86000       -0.26705
        0.89000       -7.93500       -0.26705
        0.89000       -8.01000       -0.26705
        0.89000       -8.09000       -0.26705
        0.89000       -8.16500       -0.26705
        0.89000       -8.24000        0.83862
        0.89000       -8.32000        0.83862
        0.89000       -8.39500        0.83862
        0.89000       -8.47000        0.83862
        0.89000       -8.54500        0.83862
        0.89000       -8.62000        0.83862
        1.09000       -0.07000        0.98122
        1.09000       -0.21000        0.98122
        1.09000       -0.34500        0.98122
        1.09000       -0.48000        0.98122
        1.09000       -0.62000        0.98122
        1.09000       -0.76000        0.98122
        1.09000       -0.89500        0.98122
        1.09000       -1.03000        0.98122
        1.09000       -1.17000        0.72208
        1.09000       -1.31000        0.72208
        1.09000       -1.44500        0.72208
        1.09000       -1.58000        0.72208
        1.09000       -1.69000        0.72208
        1.09000       -1.76500        0.72208
        1.09000       -1.84000        0.72208
        1.09000       -1.91500        0.72208
        1.09000       -1.99000       -0.81859
        1.09000       -2.07000       -0.81859
        1.09000       -2.14500       -0.81859
        1.09000       -2.22000       -0.81859
        1.09000       -2.30000       -0.81859
        1.09000       -2.37500       -0.81859
        1.09000       -2.45000       -0.83842
        1.09000       -2.52500       -0.83842
        1.09000       -2.60000       -0.83842
        1.09000       -2.68000       -0.83842
        1.09000       -2.75500       -0.83842
        1.09000       -2.83000       -0.83842
        1.09000       -2.91000       -0.76633
        1.09000       -2.98500       -0.76633
        1.09000       -3.06000       -0.76633
        1.09000       -3.13500       -0.76633
        1.09000       -3.21000       -0.76633
        1.09000       -3.29000       -0.76633
        1.09000       -3.36500       -0.60959
        1.09000       -3.44000       -0.60959
        1.09000       -3.51500       -0.60959
        1.09000       -3.59000       -0.60959
        1.09000       -3.67000       -0.60959
        1.09000       -3.74500       -0.60959
        1.09000       -3.82000       -0.33350
        1.09000       -3.90000       -0.33350
        1.09000       -3.97500       -0.33350
        1.09000       -4.05000       -0.33350
        1.09000       -4.12500       -0.33350
        1.09000       -4.20000       -0.33350
        1.09000       -4.28000       -0.14216
        1.09000       -4.35500       -0.14216
        1.09000       -4.43000       -0.14216
        1.09000       -4.51000       -0.14216
        1.09000       -4.58500       -0.14216
        1.09000       -4.66000       -0.14216
        1.09000       -4.73500       -0.06116
        1.09000       -4.81000       -0.06116
        1.09000       -4.89000       -0.06116
        1.09000       -4.96500       -0.06116
        1.09000       -5.04000       -0.06116
        1.09000       -5.12000       -0.06116
        1.09000       -5.19500        0.00786
        1.09000       -5.27000        0.00786
        1.09000       -5.34500        0.00786
        1.09000       -5.42000        0.00786
        1.09000       -5.50000        0.00786
        1.09000       -5.57500        0.00786
        1.09000       -5.65000        0.12647
        1.09000       -5.72500        0.12647
        1.09000       -5.80000        0.12647
        1.09000       -5.88000        0.12647
        1.09000       -5.95500        0.12647
        1.09000       -6.03000        0.12647
        1.09000       -6.11000        0.23297
        1.09000       -6.18500        0.23297
        1.09000       -6.26000        0.23297
        1.09000       -6.33500        0.23297
        1.09000       -6.41000        0.23297
        1.09000       -6.49000        0.23297
        1.09000       -6.56500        0.23297
        1.09000       -6.64000       -0.04117
        1.09000       -6.72000       -0.04117
        1.09000       -6.79500       -0.04117
        1.09000       -6.87000       -0.04117
        1.09000       -6.94500       -0.04117
        1.09000       -7.02000       -0.04117
        1.09000       -7.10000       -0.04117
        1.09000       -7.17500       -0.52308
        1.09000       -7.25000       -0.52308
        1.09000       -7.32500       -0.52308
        1.09000       -7.40000       -0.52308
        1.09000       -7.48000       -0.52308
        1.09000       -7.55500       -0.52308
        1.09000       -7.63000       -0.52308
        1.09000       -7.71000       -0.42878
        1.09000       -7.78500       -0.42878
        1.09000       -7.86000       -0.42878
        1.09000       -7.93500       -0.42878
        1.09000       -8.01000       -0.42878
        1.09000       -8.09000       -0.42878
        1.09000       -8.16500       -0.42878
        1.09000       -8.24000        0.25080
        1.09000       -8.32000        0.25080
        1.09000       -8.39500        0.25080
        1.09000       -8.47000        0.25080
        1.09000       -8.54500        0.25080
        1.09000       -8.62000        0.25080
        1.29000       -0.07000        0.99990
        1.29000       -0.21000        0.99990
        1.29000       -0.34500        0.99990
        1.29000       -0.48000        0.99990
        1.29000       -0.62000        0.99990
        1.29000       -0.76000        0.99990
        1.29000       -0.89500        0.99990
        1.29000       -1.03000        0.99990
        1.29000       -1.17000        0.43679
        1.29000       -1.31000        0.43679
        1.29000       -1.44500        0.43679
        1.29000       -1.58000        0.43679
        1.29000       -1.69000        0.43679
        1.29000       -1.76500        0.43679
        1.29000       -1.84000        0.43679
        1.29000       -1.91500        0.43679
        1.29000       -1.99000       -0.75715
        1.29000       -2.07000       -0.75715
        1.29000       -2.14500       -0.75715
        1.29000       -2.22000       -0.75715
        1.29000       -2.30000       -0.75715
        1.29000       -2.37500       -0.75715
        1.29000       -2.45000       -0.60487
        1.29000       -2.52500       -0.60487
        1.29000       -2.60000       -0.60487
        1.29000       -2.68000       -0.60487
        1.29000       -2.75500       -0.60487
        1.29000       -2.83000       -0.60487
        1.29000       -2.91000       -0.44601
        1.29000       -2.98500       -0.44601
        1.29000       -3.06000       -0.44601
        1.29000       -3.13500       -0.44601
        1.29000       -3.21000       -0.44601
        1.29000       -3.29000       -0.44601
        1.29000       -3.36500       -0.24644
        1.29000       -3.44000       -0.24644
        1.29000       -3.51500       -0.24644
        1.29000       -3.59000       -0.24644
        1.29000       -3.67000       -0.24644
        1.29000       -3.74500       -0.24644
        1.29000       -3.82000       -0.03253
        1.29000       -3.90000       -0.03253
        1.29000       -3.97500       -0.03253
        1.29000       -4.05000       -0.03253
        1.29000       -4.12500       -0.03253
        1.29000       -4.20000       -0.03253
        1.29000       -4.28000        0.04796
        1.29000       -4.35500        0.04796
        1.29000       -4.43000        0.04796
        1.29000       -4.51000        0.04796
        1.29000       -4.58500        0.04796
        1.29000       -4.66000        0.04796
        1.29000       -4.73500       -0.09307
        1.29000       -4.81000       -0.09307
        1.29000       -4.89000       -0.09307
        1.29000       -4.96500       -0.09307
        1.29000       -5.04000       -0.09307
        1.29000       -5.12000       -0.09307
        1.29000       -5.19500       -0.27383
        1.29000       -5.27000       -0.27383
        1.29000       -5.34500       -0.27383
        1.29000       -5.42000       -0.27383
        1.29000       -5.50000       -0.27383
        1.29000       -5.57500       -0.27383
        1.29000       -5.65000       -0.27650
        1.29000       -5.72500       -0.27650
        1.29000       -5.80000       -0.27650
        1.29000       -5.88000       -0.27650
        1.29000       -5.95500       -0.27650
        1.29000       -6.03000       -0.27650
        1.29000       -6.11000       -0.17371
        1.29000       -6.18500       -0.17371
        1.29000       -6.26000       -0.17371
        1.29000       -6.33500       -0.17371
        1.29000       -6.41000       -0.17371
        1.29000       -6.49000       -0.17371
        1.29000       -6.56500       -0.17371
        1.29000       -6.64000       -0.36318
        1.29000       -6.72000       -0.36318
        1.29000       -6.79500       -0.36318
        1.29000       -6.87000       -0.36318
        1.29000       -6.94500       -0.36318
        1.29000       -7.02000       -0.36318
        1.29000       -7.10000       -0.36318
        1.29000       -7.17500       -0.57570
        1.29000       -7.25000       -0.57570
        1.29000       -7.32500       -0.57570
        1.29000       -7.40000       -0.57570
        1.29000       -7.48000       -0.57570
        1.29000       -7.55500       -0.57570
        1.29000       -7.63000       -0.57570
        1.29000       -7.71000       -0.35117
        1.29000       -7.78500       -0.35117
        1.29000       -7.86000       -0.35117
        1.29000       -7.93500       -0.35117
        1.29000       -8.01000       -0.35117
        1.29000       -8.09000       -0.35117
        1.29000       -8.16500       -0.35117
        1.29000       -8.24000       -0.16856
        1.29000       -8.32000       -0.16856
        1.29000       -8.39500       -0.16856
        1.29000       -8.47000       -0.16856
        1.29000       -8.54500       -0.16856
        1.29000       -8.62000       -0.16856
        1.48500       -0.07000        0.99498
        1.48500       -0.21000        0.99498
        1.48500       -0.34500        0.99498
        1.48500       -0.48000        0.99498
        1.48500       -0.62000        0.99498
        1.48500       -0.76000        0.99498
        1.48500       -0.89500        0.99498
        1.48500       -1.03000        0.99498
        1.48500       -1.17000        0.33394
        1.48500       -1.31000        0.33394
        1.48500       -1.44500        0.33394
        1.48500       -1.58000        0.33394
        1.48500       -1.69000        0.33394
        1.48500       -1.76500        0.33394
        1.48500       -1.84000        0.33394
        1.48500       -1.91500        0.33394
        1.48500       -1.99000       -0.67939
        1.48500       -2.07000       -0.67939
        1.48500       -2.14500       -0.67939
        1.48500       -2.22000       -0.67939
        1.48500       -2.30000       -0.67939
        1.48500       -2.37500       -0.67939
        1.48500       -2.45000       -0.43011
        1.48500       -2.52500       -0.43011
        1.48500       -2.60000       -0.43011
        1.48500       -2.68000       -0.43011
        1.48500       -2.75500       -0.43011
        1.48500       -2.83000       -0.43011
        1.48500       -2.91000       -0.17393
        1.48500       -2.98500       -0.17393
        1.48500       -3.06000       -0.17393
        1.48500       -3.13500       -0.17393
        1.48500       -3.21000       -0.17393
        1.48500       -3.29000       -0.17393
        1.48500       -3.36500        0.13010
        1.48500       -3.44000        0.13010
        1.48500       -3.51500        0.13010
        1.48500       -3.59000        0.13010
        1.48500       -3.67000        0.13010
        1.48500       -3.74500        0.13010
        1.48500       -3.82000        0.41103
        1.48500       -3.90000        0.41103
        1.48500       -3.97500        0.41103
        1.48500       -4.05000        0.41103
        1.48500       -4.12500        0.41103
        1.48500       -4.20000        0.41103
        1.48500       -4.28000        0.53268
        1.48500       -4.35500        0.53268
        1.48500       -4.43000        0.53268
        1.48500       -4.51000        0.53268
        1.48500       -4.58500        0.53268
        1.48500       -4.66000        0.53268
        1.48500       -4.73500        0.31628
        1.48500       -4.81000        0.31628
        1.48500       -4.89000        0.31628
        1.48500       -4.96500        0.31628
        1.48500       -5.04000        0.31628
        1.48500       -5.12000        0.31628
        1.48500       -5.19500       -0.02572
        1.48500       -5.27000       -0.02572
        1.48500       -5.34500       -0.02572
        1.48500       -5.42000       -0.02572
        1.48500       -5.50000       -0.02572
        1.48500       -5.57500       -0.02572
        1.48500       -5.65000       -0.26963
        1.48500       -5.72500       -0.26963
        1.48500       -5.80000       -0.26963
        1.48500       -5.88000       -0.26963
        1.48500       -5.95500       -0.26963
        1.48500       -6.03000       -0.26963
        1.48500       -6.11000       -0.06204
        1.48500       -6.18500       -0.06204
        1.48500       -6.26000       -0.06204
        1.48500       -6.33500       -0.06204
        1.48500       -6.41000       -0.06204
        1.48500       -6.49000       -0.06204
        1.48500       -6.56500       -0.06204
        1.48500       -6.64000       -0.21787
        1.48500       -6.72000       -0.21787
        1.48500       -6.79500       -0.21787
        1.48500       -6.87000       -0.21787
        1.48500       -6.94500       -0.21787
        1.48500       -7.02000       -0.21787
        1.48500       -7.10000       -0.21787
        1.48500       -7.17500       -0.19920
        1.48500       -7.25000       -0.19920
        1.48500       -7.32500       -0.19920
        1.48500       -7.40000       -0.19920
        1.48500       -7.48000       -0.19920
        1.48500       -7.55500       -0.19920
        1.48500       -7.63000       -0.19920
        1.48500       -7.71000        0.18744
        1.48500       -7.78500        0.18744
        1.48500       -7.86000        0.18744
        1.48500       -7.93500        0.18744
        1.48500       -8.01000        0.18744
        1.48500       -8.09000        0.18744
        1.48500       -8.16500        0.18744
        1.48500       -8.24000       -0.55404
        1.48500       -8.32000       -0.55404
        1.48500       -8.39500       -0.55404
        1.48500       -8.47000       -0.55404
        1.48500       -8.54500       -0.55404
        1.48500       -8.62000       -0.55404
        1.68000       -0.07000        1.07663
        1.68000       -0.21000        1.07663
        1.68000       -0.34500        1.07663
        1.68000       -0.48000        1.07663
        1.68000       -0.62000        1.07663
        1.68000       -0.76000        1.07663
        1.68000       -0.89500        1.07663
        1.68000       -1.03000        1.07663
        1.68000       -1.17000        0.45438
        1.68000       -1.31000        0.45438
        1.68000       -1.44500        0.45438
        1.68000       -1.58000        0.45438
        1.68000       -1.69000        0.45438
        1.68000       -1.76500        0.45438
        1.68000       -1.84000        0.45438
        1.68000       -1.91500        0.45438
        1.68000       -1.99000        0.72635
        1.68000       -2.07000        0.72635
        1.68000       -2.14500        0.72635
        1.68000       -2.22000        0.72635
        1.68000       -2.30000        0.72635
        1.68000       -2.37500        0.72635
        1.68000       -2.45000        0.71052
        1.68000       -2.52500        0.71052
        1.68000       -2.60000        0.71052
        1.68000       -2.68000        0.71052
        1.68000       -2.75500        0.71052
        1.68000       -2.83000        0.71052
        1.68000       -2.91000        0.44906
        1.68000       -2.98500        0.44906
        1.68000       -3.06000        0.44906
        1.68000       -3.13500        0.44906
        1.68000       -3.21000        0.44906
        1.68000       -3.29000        0.44906
        1.68000       -3.36500        0.08705
        1.68000       -3.44000        0.08705
        1.68000       -3.51500        0.08705
        1.68000       -3.59000        0.08705
        1.68000       -3.67000        0.08705
        1.68000       -3.74500        0.08705
        1.68000       -3.82000        0.35920
        1.68000       -3.90000        0.35920
        1.68000       -3.97500        0.35920
        1.68000       -4.05000        0.35920
        1.68000       -4.12500        0.35920
        1.68000       -4.20000        0.35920
        1.68000       -4.28000        0.62014
        1.68000       -4.35500        0.62014
        1.68000       -4.43000        0.62014
        1.68000       -4.51000        0.62014
        1.68000       -4.58500        0.62014
        1.68000       -4.66000        0.62014
        1.68000       -4.73500        0.85982
        1.68000       -4.81000        0.85982
        1.68000       -4.89000        0.85982
        1.68000       -4.96500        0.85982
        1.68000       -5.04000        0.85982
        1.68000       -5.12000        0.85982
        1.68000       -5.19500        0.88645
        1.68000       -5.27000        0.88645
        1.68000       -5.34500        0.88645
        1.68000       -5.42000        0.88645
        1.68000       -5.50000        0.88645
        1.68000       -5.57500        0.88645
        1.68000       -5.65000        0.75069
        1.68000       -5.72500        0.75069
        1.68000       -5.80000        0.75069
        1.68000       -5.88000        0.75069
        1.68000       -5.95500        0.75069
        1.68000       -6.03000        0.75069
        1.68000       -6.11000        0.40688
        1.68000       -6.18500        0.40688
        1.68000       -6.26000        0.40688
        1.68000       -6.33500        0.40688
        1.68000       -6.41000        0.40688
        1.68000       -6.49000        0.40688
        1.68000       -6.56500        0.40688
        1.68000       -6.64000        0.15483
        1.68000       -6.72000        0.15483
        1.68000       -6.79500        0.15483
        1.68000       -6.87000        0.15483
        1.68000       -6.94500        0.15483
        1.68000       -7.02000        0.15483
        1.68000       -7.10000        0.15483
        1.68000       -7.17500        0.14188
        1.68000       -7.25000        0.14188
        1.68000       -7.32500        0.14188
        1.68000       -7.40000        0.14188
        1.68000       -7.48000        0.14188
        1.68000       -7.55500        0.14188
        1.68000       -7.63000        0.14188
        1.68000       -7.71000        0.77213
        1.68000       -7.78500        0.77213
        1.68000       -7.86000        0.77213
        1.68000       -7.93500        0.77213
        1.68000       -8.01000        0.77213
        1.68000       -8.09000        0.77213
        1.68000       -8.16500        0.77213
        1.68000       -8.24000       -0.76097
        1.68000       -8.32000       -0.76097
        1.68000       -8.39500       -0.76097
        1.68000       -8.47000       -0.76097
        1.68000       -8.54500       -0.76097
        1.68000       -8.62000       -0.76097
        1.88000       -0.07000        1.16260
        1.88000       -0.21000        1.16260
        1.88000       -0.34500        1.16260
        1.88000       -0.48000        1.16260
        1.88000       -0.62000        1.16260
        1.88000       -0.76000        1.16260
        1.88000       -0.89500        1.16260
        1.88000       -1.03000        1.16260
        1.88000       -1.17000        0.35244
        1.88000       -1.31000        0.35244
        1.88000       -1.44500        0.35244
        1.88000       -1.58000        0.35244
        1.88000       -1.69000        0.35244
        1.88000       -1.76500        0.35244
        1.88000       -1.84000        0.35244
        1.88000       -1.91500        0.35244
        1.88000       -1.99000        0.46365
        1.88000       -2.07000        0.46365
        1.88000       -2.14500        0.46365
        1.88000       -2.22000        0.46365
        1.88000       -2.30000        0.46365
        1.88000       -2.37500        0.46365
        1.88000       -2.45000        1.39515
        1.88000       -2.52500        1.39515
        1.88000       -2.60000        1.39515
        1.88000       -2.68000        1.39515
        1.88000       -2.75500        1.39515
        1.88000       -2.83000        1.39515
        1.88000       -2.91000        1.08424
        1.88000       -2.98500        1.08424
        1.88000       -3.06000        1.08424
        1.88000       -3.13500        1.08424
        1.88000       -3.21000        1.08424
        1.88000       -3.29000        1.08424
        1.88000       -3.36500        1.00683
        1.88000       -3.44000        1.00683
        1.88000       -3.51500        1.00683
        1.88000       -3.59000        1.00683
        1.88000       -3.67000        1.00683
        1.88000       -3.74500        1.00683
        1.88000       -3.82000        0.92658
        1.88000       -3.90000        0.92658
        1.88000       -3.97500        0.92658
        1.88000       -4.05000        0.92658
        1.88000       -4.12500        0.92658
        1.88000       -4.20000        0.92658
        1.88000       -4.28000        0.86647
        1.88000       -4.35500        0.86647
        1.88000       -4.43000        0.86647
        1.88000       -4.51000        0.86647
        1.88000       -4.58500        0.86647
        1.88000       -4.66000        0.86647
        1.88000       -4.73500        0.93059
        1.88000       -4.81000        0.93059
        1.88000       -4.89000        0.93059
        1.88000       -4.96500        0.93059
        1.88000       -5.04000        0.93059
        1.88000       -5.12000        0.93059
        1.88000       -5.19500        0.89818
        1.88000       -5.27000        0.89818
        1.88000       -5.34500        0.89818
        1.88000       -5.42000        0.89818
        1.88000       -5.50000        0.89818
        1.88000       -5.57500        0.89818
        1.88000       -5.65000        0.99511
        1.88000       -5.72500        0.99511
        1.88000       -5.80000        0.99511
        1.88000       -5.88000        0.99511
        1.88000       -5.95500        0.99511
        1.88000       -6.03000        0.99511
        1.88000       -6.11000        0.80199
        1.88000       -6.18500        0.80199
        1.88000       -6.26000        0.80199
        1.88000       -6.33500        0.80199
        1.88000       -6.41000        0.80199
        1.88000       -6.49000        0.80199
        1.88000       -6.56500        0.80199
        1.88000       -6.64000        0.35708
        1.88000       -6.72000        0.35708
        1.88000       -6.79500        0.35708
        1.88000       -6.87000        0.35708
        1.88000       -6.94500        0.35708
        1.88000       -7.02000        0.35708
        1.88000       -7.10000        0.35708
        1.88000       -7.17500       -0.01300
        1.88000       -7.25000       -0.01300
        1.88000       -7.32500       -0.01300
        1.88000       -7.40000       -0.01300
        1.88000       -7.48000       -0.01300
        1.88000       -7.55500       -0.01300
        1.88000       -7.63000       -0.01300
        1.88000       -7.71000        0.85104
        1.88000       -7.78500        0.85104
        1.88000       -7.86000        0.85104
        1.88000       -7.93500        0.85104
        1.88000       -8.01000        0.85104
        1.88000       -8.09000        0.85104
        1.88000       -8.16500        0.85104
        1.88000       -8.24000       -0.89340
        1.88000       -8.32000       -0.89340
        1.88000       -8.39500       -0.89340
        1.88000       -8.47000       -0.89340
        1.88000       -8.54500       -0.89340
        1.88000       -8.62000       -0.89340
        2.08000       -0.07000        1.19790
        2.08000       -0.21000        1.19790
        2.08000       -0.34500        1.19790
        2.08000       -0.48000        1.19790
        2.08000       -0.62000        1.19790
        2.08000       -0.76000        1.19790
        2.08000       -0.89500        1.19790
        2.08000       -1.03000        1.19790
        2.08000       -1.17000        0.46577
        2.08000       -1.31000        0.46577
        2.08000       -1.44500        0.46577
        2.08000       -1.58000        0.46577
        2.08000       -1.69000        0.46577
        2.08000       -1.76500        0.46577
        2.08000       -1.84000        0.46577
        2.08000       -1.91500        0.46577
        2.08000       -1.99000        0.94345
        2.08000       -2.07000        0.94345
        2.08000       -2.14500        0.94345
        2.08000       -2.22000        0.94345
        2.08000       -2.30000        0.94345
        2.08000       -2.37500        0.94345
        2.08000       -2.45000        0.95112
        2.08000       -2.52500        0.95112
        2.08000       -2.60000        0.95112
        2.08000       -2.68000        0.95112
        2.08000       -2.75500        0.95112
        2.08000       -2.83000        0.95112
        2.08000       -2.91000        0.87545
        2.08000       -2.98500        0.87545
        2.08000       -3.06000        0.87545
        2.08000       -3.13500        0.87545
        2.08000       -3.21000        0.87545
        2.08000       -3.29000        0.87545
        2.08000       -3.36500        0.48859
        2.08000       -3.44000        0.48859
        2.08000       -3.51500        0.48859
        2.08000       -3.59000        0.48859
        2.08000       -3.67000        0.48859
        2.08000       -3.74500        0.48859
        2.08000       -3.82000        0.38439
        2.08000       -3.90000        0.38439
        2.08000       -3.97500        0.38439
        2.08000       -4.05000        0.38439
        2.08000       -4.12500        0.38439
        2.08000       -4.20000        0.38439
        2.08000       -4.28000        0.15976
        2.08000       -4.35500        0.15976
        2.08000       -4.43000        0.15976
        2.08000       -4.51000        0.15976
        2.08000       -4.58500        0.15976
        2.08000       -4.66000        0.15976
        2.08000       -4.73500        0.09699
        2.08000       -4.81000        0.09699
        2.08000       -4.89000        0.09699
        2.08000       -4.96500        0.09699
        2.08000       -5.04000        0.09699
        2.08000       -5.12000        0.09699
        2.08000       -5.19500        0.31491
        2.08000       -5.27000        0.31491
        2.08000       -5.34500        0.31491
        2.08000       -5.42000        0.31491
        2.08000       -5.50000        0.31491
        2.08000       -5.57500        0.31491
        2.08000       -5.65000        0.47719
        2.08000       -5.72500        0.47719
        2.08000       -5.80000        0.47719
        2.08000       -5.88000        0.47719
        2.08000       -5.95500        0.47719
        2.08000       -6.03000        0.47719
        2.08000       -6.11000        0.89599
        2.08000       -6.18500        0.89599
        2.08000       -6.26000        0.89599
        2.08000       -6.33500        0.89599
        2.08000       -6.41000        0.89599
        2.08000       -6.49000        0.89599
        2.08000       -6.56500        0.89599
        2.08000       -6.64000        0.55312
        2.08000       -6.72000        0.55312
        2.08000       -6.79500        0.55312
        2.08000       -6.87000        0.55312
        2.08000       -6.94500        0.55312
        2.08000       -7.02000        0.55312
        2.08000       -7.10000        0.55312
        2.08000       -7.17500        0.65232
        2.08000       -7.25000        0.65232
        2.08000       -7.32500        0.65232
        2.08000       -7.40000        0.65232
        2.08000       -7.48000        0.65232
        2.08000       -7.55500        0.65232
        2.08000       -7.63000        0.65232
        2.08000       -7.71000        0.46313
        2.08000       -7.78500        0.46313
        2.08000       -7.86000        0.46313
        2.08000       -7.93500        0.46313
        2.08000       -8.01000        0.46313
        2.08000       -8.09000        0.46313
        2.08000       -8.16500        0.46313
        2.08000       -8.24000       -0.88850
        2.08000       -8.32000       -0.88850
        2.08000       -8.39500       -0.88850
        2.08000       -8.47000       -0.88850
        2.08000       -8.54500       -0.88850
        2.08000       -8.62000       -0.88850
        2.28000       -0.07000        0.99884
        2.28000       -0.21000        0.99884
        2.28000       -0.34500        0.99884
        2.28000       -0.48000        0.99884
        2.28000       -0.62000        0.99884
        2.28000       -0.76000        0.99884
        2.28000       -0.89500        0.99884
        2.28000       -1.03000        0.99884
        2.28000       -1.17000        0.52793
        2.28000       -1.31000        0.52793
        2.28000       -1.44500        0.52793
        2.28000       -1.58000        0.52793
        2.28000       -1.69000        0.52793
        2.28000       -1.76500        0.52793
        2.28000       -1.84000        0.52793
        2.28000       -1.91500        0.52793
        2.28000       -1.99000        0.38135
        2.28000       -2.07000        0.38135
        2.28000       -2.14500        0.38135
        2.28000       -2.22000        0.38135
        2.28000       -2.30000        0.38135
        2.28000       -2.37500        0.38135
        2.28000       -2.45000        0.41354
        2.28000       -2.52500        0.41354
        2.28000       -2.60000        0.41354
        2.28000       -2.68000        0.41354
        2.28000       -2.75500        0.41354
        2.28000       -2.83000        0.41354
        2.28000       -2.91000        0.30952
        2.28000       -2.98500        0.30952
        2.28000       -3.06000        0.30952
        2.28000       -3.13500        0.30952
        2.28000       -3.21000        0.30952
        2.28000       -3.29000        0.30952
        2.28000       -3.36500        0.25378
        2.28000       -3.44000        0.25378
        2.28000       -3.51500        0.25378
        2.28000       -3.59000        0.25378
        2.28000       -3.67000        0.25378
        2.28000       -3.74500        0.25378
        2.28000       -3.82000        0.16099
        2.28000       -3.90000        0.16099
        2.28000       -3.97500        0.16099
        2.28000       -4.05000        0.16099
        2.28000       -4.12500        0.16099
        2.28000       -4.20000        0.16099
        2.28000       -4.28000       -0.11440
        2.28000       -4.35500       -0.11440
        2.28000       -4.43000       -0.11440
        2.28000       -4.51000       -0.11440
        2.28000       -4.58500       -0.11440
        2.28000       -4.66000       -0.11440
        2.28000       -4.73500       -0.43233
        2.28000       -4.81000       -0.43233
        2.28000       -4.89000       -0.43233
        2.28000       -4.96500       -0.43233
        2.28000       -5.04000       -0.43233
        2.28000       -5.12000       -0.43233
        2.28000       -5.19500       -0.69303
        2.28000       -5.27000       -0.69303
        2.28000       -5.34500       -0.69303
        2.28000       -5.42000       -0.69303
        2.28000       -5.50000       -0.69303
        2.28000       -5.57500       -0.69303
        2.28000       -5.65000       -0.25830
        2.28000       -5.72500       -0.25830
        2.28000       -5.80000       -0.25830
        2.28000       -5.88000       -0.25830
        2.28000       -5.95500       -0.25830
        2.28000       -6.03000       -0.25830
        2.28000       -6.11000        0.36294
        2.28000       -6.18500        0.36294
        2.28000       -6.26000        0.36294
        2.28000       -6.33500        0.36294
        2.28000       -6.41000        0.36294
        2.28000       -6.49000        0.36294
        2.28000       -6.56500        0.36294
        2.28000       -6.64000        0.37191
        2.28000       -6.72000        0.37191
        2.28000       -6.79500        0.37191
        2.28000       -6.87000        0.37191
        2.28000       -6.94500        0.37191
        2.28000       -7.02000        0.37191
        2.28000       -7.10000        0.37191
        2.28000       -7.17500        0.53859
        2.28000       -7.25000        0.53859
        2.28000       -7.32500        0.53859
        2.28000       -7.40000        0.53859
        2.28000       -7.48000        0.53859
        2.28000       -7.55500        0.53859
        2.28000       -7.63000        0.53859
        2.28000       -7.71000        0.62327
        2.28000       -7.78500        0.62327
        2.28000       -7.86000        0.62327
        2.28000       -7.93500        0.62327
        2.28000       -8.01000        0.62327
        2.28000       -8.09000        0.62327
        2.28000       -8.16500        0.62327
        2.28000       -8.24000       -0.74901
        2.28000       -8.32000       -0.74901
        2.28000       -8.39500       -0.74901
        2.28000       -8.47000       -0.74901
        2.28000       -8.54500       -0.74901
        2.28000       -8.62000       -0.74901
        2.47500       -0.07000        0.78435
        2.47500       -0.21000        0.78435
        2.47500       -0.34500        0.78435
        2.47500       -0.48000        0.78435
        2.47500       -0.62000        0.78435
        2.47500       -0.76000        0.78435
        2.47500       -0.89500        0.78435
        2.47500       -1.03000        0.78435
        2.47500       -1.17000        0.48202
        2.47500       -1.31000        0.48202
        2.47500       -1.44500        0.48202
        2.47500       -1.58000        0.48202
        2.47500       -1.69000        0.48202
        2.47500       -1.76500        0.48202
        2.47500       -1.84000        0.48202
        2.47500       -1.91500        0.48202
        2.47500       -1.99000        0.23927
        2.47500       -2.07000        0.23927
        2.47500       -2.14500        0.23927
        2.47500       -2.22000        0.23927
        2.47500       -2.30000        0.23927
        2.47500       -2.37500        0.23927
        2.47500       -2.45000        0.25764
        2.47500       -2.52500        0.25764
        2.47500       -2.60000        0.25764
        2.47500       -2.68000        0.25764
        2.47500       -2.75500        0.25764
        2.47500       -2.83000        0.25764
        2.47500       -2.91000        0.23295
        2.47500       -2.98500        0.23295
        2.47500       -3.06000        0.23295
        2.47500       -3.13500        0.23295
        2.47500       -3.21000        0.23295
        2.47500       -3.29000        0.23295
        2.47500       -3.36500        0.30996
        2.47500       -3.44000        0.30996
        2.47500       -3.51500        0.30996
        2.47500       -3.59000        0.30996
        2.47500       -3.67000        0.30996
        2.47500       -3.74500        0.30996
        2.47500       -3.82000        0.34119
        2.47500       -3.90000        0.34119
        2.47500       -3.97500        0.34119
        2.47500       -4.05000        0.34119
        2.47500       -4.12500        0.34119
        2.47500       -4.20000        0.34119
        2.47500       -4.28000        0.14689
        2.47500       -4.35500        0.14689
        2.47500       -4.43000        0.14689
        2.47500       -4.51000        0.14689
        2.47500       -4.58500        0.14689
        2.47500       -4.66000        0.14689
        2.47500       -4.73500       -0.21661
        2.47500       -4.81000       -0.21661
        2.47500       -4.89000       -0.21661
        2.47500       -4.96500       -0.21661
        2.47500       -5.04000       -0.21661
        2.47500       -5.12000       -0.21661
        2.47500       -5.19500       -0.83278
        2.47500       -5.27000       -0.83278
        2.47500       -5.34500       -0.83278
        2.47500       -5.42000       -0.83278
        2.47500       -5.50000       -0.83278
        2.47500       -5.57500       -0.83278
        2.47500       -5.65000       -1.22254
        2.47500       -5.72500       -1.22254
        2.47500       -5.80000       -1.22254
        2.47500       -5.88000       -1.22254
        2.47500       -5.95500       -1.22254
        2.47500       -6.03000       -1.22254
        2.47500       -6.11000        0.00161
        2.47500       -6.18500        0.00161
        2.47500       -6.26000        0.00161
        2.47500       -6.33500        0.00161
        2.47500       -6.41000        0.00161
        2.47500       -6.49000        0.00161
        2.47500       -6.56500        0.00161
        2.47500       -6.64000        0.12257
        2.47500       -6.72000        0.12257
        2.47500       -6.79500        0.12257
        2.47500       -6.87000        0.12257
        2.47500       -6.94500        0.12257
        2.47500       -7.02000        0.12257
        2.47500       -7.10000        0.12257
        2.47500       -7.17500        0.29927
        2.47500       -7.25000        0.29927
        2.47500       -7.32500        0.29927
        2.47500       -7.40000        0.29927
        2.47500       -7.48000        0.29927
        2.47500       -7.55500        0.29927
        2.47500       -7.63000        0.29927
        2.47500       -7.71000        0.42148
        2.47500       -7.78500        0.42148
        2.47500       -7.86000        0.42148
        2.47500       -7.93500        0.42148
        2.47500       -8.01000        0.42148
        2.47500       -8.09000        0.42148
        2.47500       -8.16500        0.42148
        2.47500       -8.24000       -0.53567
        2.47500       -8.32000       -0.53567
        2.47500       -8.39500       -0.53567
        2.47500       -8.47000       -0.53567
        2.47500       -8.54500       -0.53567
        2.47500       -8.62000       -0.53567
        2.67000       -0.07000        0.74474
        2.67000       -0.21000        0.74474
        2.67000       -0.34500        0.74474
        2.67000       -0.48000        0.74474
        2.67000       -0.62000        0.74474
        2.67000       -0.76000        0.74474
        2.67000       -0.89500        0.74474
        2.67000       -1.03000        0.74474
        2.67000       -1.17000        0.50690
        2.67000       -1.31000        0.50690
        2.67000       -1.44500        0.50690
        2.67000       -1.58000        0.50690
        2.67000       -1.69000        0.50690
        2.67000       -1.76500        0.50690
        2.67000       -1.84000        0.50690
        2.67000       -1.91500        0.50690
        2.67000       -1.99000        0.29941
        2.67000       -2.07000        0.29941
        2.67000       -2.14500        0.29941
        2.67000       -2.22000        0.29941
        2.67000       -2.30000        0.29941
        2.67000       -2.37500        0.29941
        2.67000       -2.45000        0.39155
        2.67000       -2.52500        0.39155
        2.67000       -2.60000        0.39155
        2.67000       -2.68000        0.39155
        2.67000       -2.75500        0.39155
        2.67000       -2.83000        0.39155
        2.67000       -2.91000        0.50719
        2.67000       -2.98500        0.50719
        2.67000       -3.06000        0.50719
        2.67000       -3.13500        0.50719
        2.67000       -3.21000        0.50719
        2.67000       -3.29000        0.50719
        2.67000       -3.36500        0.73559
        2.67000       -3.44000        0.73559
        2.67000       -3.51500        0.73559
        2.67000       -3.59000        0.73559
        2.67000       -3.67000        0.73559
        2.67000       -3.74500        0.73559
        2.67000       -3.82000        0.90417
        2.67000       -3.90000        0.90417
        2.67000       -3.97500        0.90417
        2.67000       -4.05000        0.90417
        2.67000       -4.12500        0.90417
        2.67000       -4.20000        0.90417
        2.67000       -4.28000        0.83898
        2.67000       -4.35500        0.83898
        2.67000       -4.43000        0.83898
        2.67000       -4.51000        0.83898
        2.67000       -4.58500        0.83898
        2.67000       -4.66000        0.83898
        2.67000       -4.73500        0.60987
        2.67000       -4.81000        0.60987
        2.67000       -4.89000        0.60987
        2.67000       -4.96500        0.60987
        2.67000       -5.04000        0.60987
        2.67000       -5.12000        0.60987
        2.67000       -5.19500        0.20034
        2.67000       -5.27000        0.20034
        2.67000       -5.34500        0.20034
        2.67000       -5.42000        0.20034
        2.67000       -5.50000        0.20034
        2.67000       -5.57500        0.20034
        2.67000       -5.65000       -0.71756
        2.67000       -5.72500       -0.71756
        2.67000       -5.80000       -0.71756
        2.67000       -5.88000       -0.71756
        2.67000       -5.95500       -0.71756
        2.67000       -6.03000       -0.71756
        2.67000       -6.11000       -0.05191
        2.67000       -6.18500       -0.05191
        2.67000       -6.26000       -0.05191
        2.67000       -6.33500       -0.05191
        2.67000       -6.41000       -0.05191
        2.67000       -6.49000       -0.05191
        2.67000       -6.56500       -0.05191
        2.67000       -6.64000       -0.00644
        2.67000       -6.72000       -0.00644
        2.67000       -6.79500       -0.00644
        2.67000       -6.87000       -0.00644
        2.67000       -6.94500       -0.00644
        2.67000       -7.02000       -0.00644
        2.67000       -7.10000       -0.00644
        2.67000       -7.17500        0.08176
        2.67000       -7.25000        0.08176
        2.67000       -7.32500        0.08176
        2.67000       -7.40000        0.08176
        2.67000       -7.48000        0.08176
        2.67000       -7.55500        0.08176
        2.67000       -7.63000        0.08176
        2.67000       -7.71000        0.17207
        2.67000       -7.78500        0.17207
        2.67000       -7.86000        0.17207
        2.67000       -7.93500        0.17207
        2.67000       -8.01000        0.17207
        2.67000       -8.09000        0.17207
        2.67000       -8.16500        0.17207
        2.67000       -8.24000       -0.14109
        2.67000       -8.32000       -0.14109
        2.67000       -8.39500       -0.14109
        2.67000       -8.47000       -0.14109
        2.67000       -8.54500       -0.14109
        2.67000       -8.62000       -0.14109
        2.87000       -0.07000        0.74931
        2.87000       -0.21000        0.74931
        2.87000       -0.34500        0.74931
        2.87000       -0.48000        0.74931
        2.87000       -0.62000        0.74931
        2.87000       -0.76000        0.74931
        2.87000       -0.89500        0.74931
        2.87000       -1.03000        0.74931
        2.87000       -1.17000        0.47303
        2.87000       -1.31000        0.47303
        2.87000       -1.44500        0.47303
        2.87000       -1.58000        0.47303
        2.87000       -1.69000        0.47303
        2.87000       -1.76500        0.47303
        2.87000       -1.84000        0.47303
        2.87000       -1.91500        0.47303
        2.87000       -1.99000        0.31971
        2.87000       -2.07000        0.31971
        2.87000       -2.14500        0.31971
        2.87000       -2.22000        0.31971
        2.87000       -2.30000        0.31971
        2.87000       -2.37500        0.31971
        2.87000       -2.45000        0.54265
        2.87000       -2.52500        0.54265
        2.87000       -2.60000        0.54265
        2.87000       -2.68000        0.54265
        2.87000       -2.75500        0.54265
        2.87000       -2.83000        0.54265
        2.87000       -2.91000        0.87257
        2.87000       -2.98500        0.87257
        2.87000       -3.06000        0.87257
        2.87000       -3.13500        0.87257
        2.87000       -3.21000        0.87257
        2.87000       -3.29000        0.87257
        2.87000       -3.36500        1.25257
        2.87000       -3.44000        1.25257
        2.87000       -3.51500        1.25257
        2.87000       -3.59000        1.25257
        2.87000       -3.67000        1.25257
        2.87000       -3.74500        1.25257
        2.87000       -3.82000        1.50771
        2.87000       -3.90000        1.50771
        2.87000       -3.97500        1.50771
        2.87000       -4.05000        1.50771
        2.87000       -4.12500        1.50771
        2.87000       -4.20000        1.50771
        2.87000       -4.28000        1.52348
        2.87000       -4.35500        1.52348
        2.87000       -4.43000        1.52348
        2.87000       -4.51000        1.52348
        2.87000       -4.58500        1.52348
        2.87000       -4.66000        1.52348
        2.87000       -4.73500        1.39141
        2.87000       -4.81000        1.39141
        2.87000       -4.89000        1.39141
        2.87000       -4.96500        1.39141
        2.87000       -5.04000        1.39141
        2.87000       -5.12000        1.39141
        2.87000       -5.19500        1.11039
        2.87000       -5.27000        1.11039
        2.87000       -5.34500        1.11039
        2.87000       -5.42000        1.11039
        2.87000       -5.50000        1.11039
        2.87000       -5.57500        1.11039
        2.87000       -5.65000        0.44043
        2.87000       -5.72500        0.44043
        2.87000       -5.80000        0.44043
        2.87000       -5.88000        0.44043
        2.87000       -5.95500        0.44043
        2.87000       -6.03000        0.44043
        2.87000       -6.11000        0.04237
        2.87000       -6.18500        0.04237
        2.87000       -6.26000        0.04237
        2.87000       -6.33500        0.04237
        2.87000       -6.41000        0.04237
        2.87000       -6.49000        0.04237
        2.87000       -6.56500        0.04237
        2.87000       -6.64000        0.00653
        2.87000       -6.72000        0.00653
        2.87000       -6.79500        0.00653
        2.87000       -6.87000        0.00653
        2.87000       -6.94500        0.00653
        2.87000       -7.02000        0.00653
        2.87000       -7.10000        0.00653
        2.87000       -7.17500       -0.06428
        2.87000       -7.25000       -0.06428
        2.87000       -7.32500       -0.06428
        2.87000       -7.40000       -0.06428
        2.87000       -7.48000       -0.06428
        2.87000       -7.55500       -0.06428
        2.87000       -7.63000       -0.06428
        2.87000       -7.71000       -0.07201
        2.87000       -7.78500       -0.07201
        2.87000       -7.86000       -0.07201
        2.87000       -7.93500       -0.07201
        2.87000       -8.01000       -0.07201
        2.87000       -8.09000       -0.07201
        2.87000       -8.16500       -0.07201
        2.87000       -8.24000        0.29522
        2.87000       -8.32000        0.29522
        2.87000       -8.39500        0.29522
        2.87000       -8.47000        0.29522
        2.87000       -8.54500        0.29522
        2.87000       -8.62000        0.29522
        3.07000       -0.07000        0.80247
        3.07000       -0.21000        0.80247
        3.07000       -0.34500        0.80247
        3.07000       -0.48000        0.80247
        3.07000       -0.62000        0.80247
        3.07000       -0.76000        0.80247
        3.07000       -0.89500        0.80247
        3.07000       -1.03000        0.80247
        3.07000       -1.17000        0.41291
        3.07000       -1.31000        0.41291
        3.07000       -1.44500        0.41291
        3.07000       -1.58000        0.41291
        3.07000       -1.69000        0.41291
        3.07000       -1.76500        0.41291
        3.07000       -1.84000        0.41291
        3.07000       -1.91500        0.41291
        3.07000       -1.99000        0.32595
        3.07000       -2.07000        0.32595
        3.07000       -2.14500        0.32595
        3.07000       -2.22000        0.32595
        3.07000       -2.30000        0.32595
        3.07000       -2.37500        0.32595
        3.07000       -2.45000        0.70910
        3.07000       -2.52500        0.70910
        3.07000       -2.60000        0.70910
        3.07000       -2.68000        0.70910
        3.07000       -2.75500        0.70910
        3.07000       -2.83000        0.70910
        3.07000       -2.91000        1.21753
        3.07000       -2.98500        1.21753
        3.07000       -3.06000        1.21753
        3.07000       -3.13500        1.21753
        3.07000       -3.21000        1.21753
        3.07000       -3.29000        1.21753
        3.07000       -3.36500        1.68017
        3.07000       -3.44000        1.68017
        3.07000       -3.51500        1.68017
        3.07000       -3.59000        1.68017
        3.07000       -3.67000        1.68017
        3.07000       -3.74500        1.68017
        3.07000       -3.82000        1.94349
        3.07000       -3.90000        1.94349
        3.07000       -3.97500        1.94349
        3.07000       -4.05000        1.94349
        3.07000       -4.12500        1.94349
        3.07000       -4.20000        1.94349
        3.07000       -4.28000        1.95687
        3.07000       -4.35500        1.95687
        3.07000       -4.43000        1.95687
        3.07000       -4.51000        1.95687
        3.07000       -4.58500        1.95687
        3.07000       -4.66000        1.95687
        3.07000       -4.73500        1.83543
        3.07000       -4.81000        1.83543
        3.07000       -4.89000        1.83543
        3.07000       -4.96500        1.83543
        3.07000       -5.04000        1.83543
        3.07000       -5.12000        1.83543
        3.07000       -5.19500        1.61329
        3.07000       -5.27000        1.61329
        3.07000       -5.34500        1.61329
        3.07000       -5.42000        1.61329
        3.07000       -5.50000        1.61329
        3.07000       -5.57500        1.61329
        3.07000       -5.65000        1.47616
        3.07000       -5.72500        1.47616
        3.07000       -5.80000        1.47616
        3.07000       -5.88000        1.47616
        3.07000       -5.95500        1.47616
        3.07000       -6.03000        1.47616
        3.07000       -6.11000        0.18117
        3.07000       -6.18500        0.18117
        3.07000       -6.26000        0.18117
        3.07000       -6.33500        0.18117
        3.07000       -6.41000        0.18117
        3.07000       -6.49000        0.18117
        3.07000       -6.56500        0.18117
        3.07000       -6.64000        0.09297
        3.07000       -6.72000        0.09297
        3.07000       -6.79500        0.09297
        3.07000       -6.87000        0.09297
        3.07000       -6.94500        0.09297
        3.07000       -7.02000        0.09297
        3.07000       -7.10000        0.09297
        3.07000       -7.17500       -0.12664
        3.07000       -7.25000       -0.12664
        3.07000       -7.32500       -0.12664
        3.07000       -7.40000       -0.12664
        3.07000       -7.48000       -0.12664
        3.07000       -7.55500       -0.12664
        3.07000       -7.63000       -0.12664
        3.07000       -7.71000       -0.24965
        3.07000       -7.78500       -0.24965
        3.07000       -7.86000       -0.24965
        3.07000       -7.93500       -0.24965
        3.07000       -8.01000       -0.24965
        3.07000       -8.09000       -0.24965
        3.07000       -8.16500       -0.24965
        3.07000       -8.24000        0.89957
        3.07000       -8.32000        0.89957
        3.07000       -8.39500        0.89957
        3.07000       -8.47000        0.89957
        3.07000       -8.54500        0.89957
        3.07000       -8.62000        0.89957
        3.27000       -0.07000        0.86817
        3.27000       -0.21000        0.86817
        3.27000       -0.34500        0.86817
        3.27000       -0.48000        0.86817
        3.27000       -0.62000        0.86817
        3.27000       -0.76000        0.86817
        3.27000       -0.89500        0.86817
        3.27000       -1.03000        0.86817
        3.27000       -1.17000        0.32053
        3.27000       -1.31000        0.32053
        3.27000       -1.44500        0.32053
        3.27000       -1.58000        0.32053
        3.27000       -1.69000        0.32053
        3.27000       -1.76500        0.32053
        3.27000       -1.84000        0.32053
        3.27000       -1.91500        0.32053
        3.27000       -1.99000        0.34734
        3.27000       -2.07000        0.34734
        3.27000       -2.14500        0.34734
        3.27000       -2.22000        0.34734
        3.27000       -2.30000        0.34734
        3.27000       -2.37500        0.34734
        3.27000       -2.45000        0.85842
        3.27000       -2.52500        0.85842
        3.27000       -2.60000        0.85842
        3.27000       -2.68000        0.85842
        3.27000       -2.75500        0.85842
        3.27000       -2.83000        0.85842
        3.27000       -2.91000        1.42752
        3.27000       -2.98500        1.42752
        3.27000       -3.06000        1.42752
        3.27000       -3.13500        1.42752
        3.27000       -3.21000        1.42752
        3.27000       -3.29000        1.42752
        3.27000       -3.36500        1.85463
        3.27000       -3.44000        1.85463
        3.27000       -3.51500        1.85463
        3.27000       -3.59000        1.85463
        3.27000       -3.67000        1.85463
        3.27000       -3.74500        1.85463
        3.27000       -3.82000        2.03358
        3.27000       -3.90000        2.03358
        3.27000       -3.97500        2.03358
        3.27000       -4.05000        2.03358
        3.27000       -4.12500        2.03358
        3.27000       -4.20000        2.03358
        3.27000       -4.28000        1.96356
        3.27000       -4.35500        1.96356
        3.27000       -4.43000        1.96356
        3.27000       -4.51000        1.96356
        3.27000       -4.58500        1.96356
        3.27000       -4.66000        1.96356
        3.27000       -4.73500        1.78972
        3.27000       -4.81000        1.78972
        3.27000       -4.89000        1.78972
        3.27000       -4.96500        1.78972
        3.27000       -5.04000        1.78972
        3.27000       -5.12000        1.78972
        3.27000       -5.19500        1.58952
        3.27000       -5.27000        1.58952
        3.27000       -5.34500        1.58952
        3.27000       -5.42000        1.58952
        3.27000       -5.50000        1.58952
        3.27000       -5.57500        1.58952
        3.27000       -5.65000        2.20720
        3.27000       -5.72500        2.20720
        3.27000       -5.80000        2.20720
        3.27000       -5.88000        2.20720
        3.27000       -5.95500        2.20720
        3.27000       -6.03000        2.20720
        3.27000       -6.11000        2.91095
        3.27000       -6.18500        2.91095
        3.27000       -6.26000        2.91095
        3.27000       -6.33500        2.91095
        3.27000       -6.41000        2.91095
        3.27000       -6.49000        2.91095
        3.27000       -6.56500        2.91095
        3.27000       -6.64000        2.84222
        3.27000       -6.72000        2.84222
        3.27000       -6.79500        2.84222
        3.27000       -6.87000        2.84222
        3.27000       -6.94500        2.84222
        3.27000       -7.02000        2.84222
        3.27000       -7.10000        2.84222
        3.27000       -7.17500        2.66023
        3.27000       -7.25000        2.66023
        3.27000       -7.32500        2.66023
        3.27000       -7.40000        2.66023
        3.27000       -7.48000        2.66023
        3.27000       -7.55500        2.66023
        3.27000       -7.63000        2.66023
        3.27000       -7.71000        2.31981
        3.27000       -7.78500        2.31981
        3.27000       -7.86000        2.31981
        3.27000       -7.93500        2.31981
        3.27000       -8.01000        2.31981
        3.27000       -8.09000        2.31981
        3.27000       -8.16500        2.31981
        3.27000       -8.24000        1.43417
        3.27000       -8.32000        1.43417
        3.27000       -8.39500        1.43417
        3.27000       -8.47000        1.43417
        3.27000       -8.54500        1.43417
        3.27000       -8.62000        1.43417
        3.46500       -0.07000        0.87179
        3.46500       -0.21000        0.87179
        3.46500       -0.34500        0.87179
        3.46500       -0.48000        0.87179
        3.46500       -0.62000        0.87179
        3.46500       -0.76000        0.87179
        3.46500       -0.89500        0.87179
        3.46500       -1.03000        0.87179
        3.46500       -1.17000        0.16863
        3.46500       -1.31000        0.16863
        3.46500       -1.44500        0.16863
        3.46500       -1.58000        0.16863
        3.46500       -1.69000        0.16863
        3.46500       -1.76500        0.16863
        3.46500       -1.84000        0.16863
        3.46500       -1.91500        0.16863
        3.46500       -1.99000        0.36927
        3.46500       -2.07000        0.36927
        3.46500       -2.14500        0.36927
        3.46500       -2.22000        0.36927
        3.46500       -2.30000        0.36927
        3.46500       -2.37500        0.36927
        3.46500       -2.45000        0.92494
        3.46500       -2.52500        0.92494
        3.46500       -2.60000        0.92494
        3.46500       -2.68000        0.92494
        3.46500       -2.75500        0.92494
        3.46500       -2.83000        0.92494
        3.46500       -2.91000        1.42905
        3.46500       -2.98500        1.42905
        3.46500       -3.06000        1.42905
        3.46500       -3.13500        1.42905
        3.46500       -3.21000        1.42905
        3.46500       -3.29000        1.42905
        3.46500       -3.36500        1.68793
        3.46500       -3.44000        1.68793
        3.46500       -3.51500        1.68793
        3.46500       -3.59000        1.68793
        3.46500       -3.67000        1.68793
        3.46500       -3.74500        1.68793
        3.46500       -3.82000        1.72802
        3.46500       -3.90000        1.72802
        3.46500       -3.97500        1.72802
        3.46500       -4.05000        1.72802
        3.46500       -4.12500        1.72802
        3.46500       -4.20000        1.72802
        3.46500       -4.28000        1.52458
        3.46500       -4.35500        1.52458
        3.46500       -4.43000        1.52458
        3.46500       -4.51000        1.52458
        3.46500       -4.58500        1.52458
        3.46500       -4.66000        1.52458
        3.46500       -4.73500        1.34412
        3.46500       -4.81000        1.34412
        3.46500       -4.89000        1.34412
        3.46500       -4.96500        1.34412
        3.46500       -5.04000        1.34412
        3.46500       -5.12000        1.34412
        3.46500       -5.19500        1.24842
        3.46500       -5.27000        1.24842
        3.46500       -5.34500        1.24842
        3.46500       -5.42000        1.24842
        3.46500       -5.50000        1.24842
        3.46500       -5.57500        1.24842
        3.46500       -5.65000        1.97995
        3.46500       -5.72500        1.97995
        3.46500       -5.80000        1.97995
        3.46500       -5.88000        1.97995
        3.46500       -5.95500        1.97995
        3.46500       -6.03000        1.97995
        3.46500       -6.11000        2.71263
        3.46500       -6.18500        2.71263
        3.46500       -6.26000        2.71263
        3.46500       -6.33500        2.71263
        3.46500       -6.41000        2.71263
        3.46500       -6.49000        2.71263
        3.46500       -6.56500        2.71263
        3.46500       -6.64000        2.78940
        3.46500       -6.72000        2.78940
        3.46500       -6.79500        2.78940
        3.46500       -6.87000        2.78940
        3.46500       -6.94500        2.78940
        3.46500       -7.02000        2.78940
        3.46500       -7.10000        2.78940
        3.46500       -7.17500        2.62981
        3.46500       -7.25000        2.62981
        3.46500       -7.32500        2.62981
        3.46500       -7.40000        2.62981
        3.46500       -7.48000        2.62981
        3.46500       -7.55500        2.62981
        3.46500       -7.63000        2.62981
        3.46500       -7.71000        2.31766
        3.46500       -7.78500        2.31766
        3.46500       -7.86000        2.31766
        3.46500       -7.93500        2.31766
        3.46500       -8.01000        2.31766
        3.46500       -8.09000        2.31766
        3.46500       -8.16500        2.31766
        3.46500       -8.24000        1.20778
        3.46500       -8.32000        1.20778
        3.46500       -8.39500        1.20778
        3.46500       -8.47000        1.20778
        3.46500       -8.54500        1.20778
        3.46500       -8.62000        1.20778
        3.66000       -0.07000        0.92047
        3.66000       -0.21000        0.92047
        3.66000       -0.34500        0.92047
        3.66000       -0.48000        0.92047
        3.66000       -0.62000        0.92047
        3.66000       -0.76000        0.92047
        3.66000       -0.89500        0.92047
        3.66000       -1.03000        0.92047
        3.66000       -1.17000        0.15437
        3.66000       -1.31000        0.15437
        3.66000       -1.44500        0.15437
        3.66000       -1.58000        0.15437
        3.66000       -1.69000        0.15437
        3.66000       -1.76500        0.15437
        3.66000       -1.84000        0.15437
        3.66000       -1.91500        0.15437
        3.66000       -1.99000        0.54793
        3.66000       -2.07000        0.54793
        3.66000       -2.14500        0.54793
        3.66000       -2.22000        0.54793
        3.66000       -2.30000        0.54793
        3.66000       -2.37500        0.54793
        3.66000       -2.45000        1.07881
        3.66000       -2.52500        1.07881
        3.66000       -2.60000        1.07881
        3.66000       -2.68000        1.07881
        3.66000       -2.75500        1.07881
        3.66000       -2.83000        1.07881
        3.66000       -2.91000        1.44506
        3.66000       -2.98500        1.44506
        3.66000       -3.06000        1.44506
        3.66000       -3.13500        1.44506
        3.66000       -3.21000        1.44506
        3.66000       -3.29000        1.44506
        3.66000       -3.36500        1.47930
        3.66000       -3.44000        1.47930
        3.66000       -3.51500        1.47930
        3.66000       -3.59000        1.47930
        3.66000       -3.67000        1.47930
        3.66000       -3.74500        1.47930
        3.66000       -3.82000        1.53662
        3.66000       -3.90000        1.53662
        3.66000       -3.97500        1.53662
        3.66000       -4.05000        1.53662
        3.66000       -4.12500        1.53662
        3.66000       -4.20000        1.53662
        3.66000       -4.28000        1.34349
        3.66000       -4.35500        1.34349
        3.66000       -4.43000        1.34349
        3.66000       -4.51000        1.34349
        3.66000       -4.58500        1.34349
        3.66000       -4.66000        1.34349
        3.66000       -4.73500        1.50798
        3.66000       -4.81000        1.50798
        3.66000       -4.89000        1.50798
        3.66000       -4.96500        1.50798
        3.66000       -5.04000        1.50798
        3.66000       -5.12000        1.50798
        3.66000       -5.19500        1.49119
        3.66000       -5.27000        1.49119
        3.66000       -5.34500        1.49119
        3.66000       -5.42000        1.49119
        3.66000       -5.50000        1.49119
        3.66000       -5.57500        1.49119
        3.66000       -5.65000        1.83822
        3.66000       -5.72500        1.83822
        3.66000       -5.80000        1.83822
        3.66000       -5.88000        1.83822
        3.66000       -5.95500        1.83822
        3.66000       -6.03000        1.83822
        3.66000       -6.11000        2.59926
        3.66000       -6.18500        2.59926
        3.66000       -6.26000        2.59926
        3.66000       -6.33500        2.59926
        3.66000       -6.41000        2.59926
        3.66000       -6.49000        2.59926
        3.66000       -6.56500        2.59926
        3.66000       -6.64000        2.84212
        3.66000       -6.72000        2.84212
        3.66000       -6.79500        2.84212
        3.66000       -6.87000        2.84212
        3.66000       -6.94500        2.84212
        3.66000       -7.02000        2.84212
        3.66000       -7.10000        2.84212
        3.66000       -7.17500        2.82367
        3.66000       -7.25000        2.82367
        3.66000       -7.32500        2.82367
        3.66000       -7.40000        2.82367
        3.66000       -7.48000        2.82367
        3.66000       -7.55500        2.82367
        3.66000       -7.63000        2.82367
        3.66000       -7.71000        2.70842
        3.66000       -7.78500        2.70842
        3.66000       -7.86000        2.70842
        3.66000       -7.93500        2.70842
        3.66000       -8.01000        2.70842
        3.66000       -8.09000        2.70842
        3.66000       -8.16500        2.70842
        3.66000       -8.24000        1.34029
        3.66000       -8.32000        1.34029
        3.66000       -8.39500        1.34029
        3.66000       -8.47000        1.34029
        3.66000       -8.54500        1.34029
        3.66000       -8.62000        1.34029
        3.86000       -0.07000        0.85842
        3.86000       -0.21000        0.85842
        3.86000       -0.34500        0.85842
        3.86000       -0.48000        0.85842
        3.86000       -0.62000        0.85842
        3.86000       -0.76000        0.85842
        3.86000       -0.89500        0.85842
        3.86000       -1.03000        0.85842
        3.86000       -1.17000        0.22517
        3.86000       -1.31000        0.22517
        3.86000       -1.44500        0.22517
        3.86000       -1.58000        0.22517
        3.86000       -1.69000        0.22517
        3.86000       -1.76500        0.22517
        3.86000       -1.84000        0.22517
        3.86000       -1.91500        0.22517
        3.86000       -1.99000        1.06073
        3.86000       -2.07000        1.06073
        3.86000       -2.14500        1.06073
        3.86000       -2.22000        1.06073
        3.86000       -2.30000        1.06073
        3.86000       -2.37500        1.06073
        3.86000       -2.45000        1.29491
        3.86000       -2.52500        1.29491
        3.86000       -2.60000        1.29491
        3.86000       -2.68000        1.29491
        3.86000       -2.75500        1.29491
        3.86000       -2.83000        1.29491
        3.86000       -2.91000        1.77550
        3.86000       -2.98500        1.77550
        3.86000       -3.06000        1.77550
        3.86000       -3.13500        1.77550
        3.86000       -3.21000        1.77550
        3.86000       -3.29000        1.77550
        3.86000       -3.36500        1.87074
        3.86000       -3.44000        1.87074
        3.86000       -3.51500        1.87074
        3.86000       -3.59000        1.87074
        3.86000       -3.67000        1.87074
        3.86000       -3.74500        1.87074
        3.86000       -3.82000        2.16990
        3.86000       -3.90000        2.16990
        3.86000       -3.97500        2.16990
        3.86000       -4.05000        2.16990
        3.86000       -4.12500        2.16990
        3.86000       -4.20000        2.16990
        3.86000       -4.28000        2.32538
        3.86000       -4.35500        2.32538
        3.86000       -4.43000        2.32538
        3.86000       -4.51000        2.32538
        3.86000       -4.58500        2.32538
        3.86000       -4.66000        2.32538
        3.86000       -4.73500        2.47234
        3.86000       -4.81000        2.47234
        3.86000       -4.89000        2.47234
        3.86000       -4.96500        2.47234
        3.86000       -5.04000        2.47234
        3.86000       -5.12000        2.47234
        3.86000       -5.19500        2.58556
        3.86000       -5.27000        2.58556
        3.86000       -5.34500        2.58556
        3.86000       -5.42000        2.58556
        3.86000       -5.50000        2.58556
        3.86000       -5.57500        2.58556
        3.86000       -5.65000        2.64760
        3.86000       -5.72500        2.64760
        3.86000       -5.80000        2.64760
        3.86000       -5.88000        2.64760
        3.86000       -5.95500        2.64760
        3.86000       -6.03000        2.64760
        3.86000       -6.11000        2.67510
        3.86000       -6.18500        2.67510
        3.86000       -6.26000        2.67510
        3.86000       -6.33500        2.67510
        3.86000       -6.41000        2.67510
        3.86000       -6.49000        2.67510
        3.86000       -6.56500        2.67510
        3.86000       -6.64000        2.78374
        3.86000       -6.72000        2.78374
        3.86000       -6.79500        2.78374
        3.86000       -6.87000        2.78374
        3.86000       -6.94500        2.78374
        3.86000       -7.02000        2.78374
        3.86000       -7.10000        2.78374
        3.86000       -7.17500        2.91448
        3.86000       -7.25000        2.91448
        3.86000       -7.32500        2.91448
        3.86000       -7.40000        2.91448
        3.86000       -7.48000        2.91448
        3.86000       -7.55500        2.91448
        3.86000       -7.63000        2.91448
        3.86000       -7.71000        3.03336
        3.86000       -7.78500        3.03336
        3.86000       -7.86000        3.03336
        3.86000       -7.93500        3.03336
        3.86000       -8.01000        3.03336
        3.86000       -8.09000        3.03336
        3.86000       -8.16500        3.03336
        3.86000       -8.24000        1.39083
        3.86000       -8.32000        1.39083
        3.86000       -8.39500        1.39083
        3.86000       -8.47000        1.39083
        3.86000       -8.54500        1.39083
        3.86000       -8.62000        1.39083
