        2.98486       -1.36597    0.25000E+03      -10.00000    0.23979E+01   -0.23980E+01   -0.43979E+01
       25.66381       -4.56328    0.25000E+03      -10.00000    0.23979E+01   -0.23980E+01   -0.43979E+01
       27.46753       -0.38339    0.25000E+03      -10.00000    0.23979E+01   -0.23980E+01   -0.43979E+01
       21.00453       -1.27815    0.25000E+03      -10.00000    0.23979E+01   -0.23980E+01   -0.43979E+01
       25.78736       -5.29532    0.25000E+03      -10.00000    0.23979E+01   -0.23980E+01   -0.43979E+01
        2.46400       -1.53808    0.25000E+03      -10.00000    0.23979E+01   -0.23980E+01   -0.43979E+01
        3.50658       -0.36964    0.25000E+03      -10.00000    0.23979E+01   -0.23980E+01   -0.43979E+01
       26.64213       -1.22363    0.25000E+03      -10.00000    0.23979E+01   -0.23980E+01   -0.43979E+01
       36.22946       -1.06919    0.25000E+03      -10.00000    0.23979E+01   -0.23980E+01   -0.43979E+01
       11.85928       -1.22970    0.25000E+03      -10.00000    0.23979E+01   -0.23980E+01   -0.43979E+01
       18.50000       -0.40193    0.25000E+03      -10.00000    0.23979E+01   -0.23980E+01   -0.43979E+01
       35.83332       -1.45867    0.25000E+03      -10.00000    0.23979E+01   -0.23980E+01   -0.43979E+01
       26.87608       -1.75098    0.25000E+03      -10.00000    0.23979E+01   -0.23980E+01   -0.43979E+01
       45.39216       -1.32652    0.25000E+03      -10.00000    0.23979E+01   -0.23980E+01   -0.43979E+01
       33.96142       -1.67745    0.25000E+03      -10.00000    0.23979E+01   -0.23980E+01   -0.43979E+01
       21.14924       -9.42429    0.10000E+02      -20.00000    0.10000E+01   -0.10001E+01   -0.26990E+01
       24.50274       -1.65238    0.25000E+03      -10.00000    0.23979E+01   -0.23980E+01   -0.43979E+01
       33.45936       -1.68550    0.25000E+03      -10.00000    0.23979E+01   -0.23980E+01   -0.43979E+01
       33.12256       -4.03613    0.25000E+03      -10.00000    0.23979E+01   -0.23980E+01   -0.43979E+01
       36.72609       -3.89877    0.25000E+03      -10.00000    0.23979E+01   -0.23980E+01   -0.43979E+01
       12.35208       -1.53175    0.25000E+03      -10.00000    0.23979E+01   -0.23980E+01   -0.43979E+01
       43.90480       -1.61635    0.25000E+03      -10.00000    0.23979E+01   -0.23980E+01   -0.43979E+01
       23.95352       -1.44756    0.25000E+03      -10.00000    0.23979E+01   -0.23980E+01   -0.43979E+01
       20.56519      -10.06147    0.10000E+03      -15.00000    0.20000E+01   -0.20000E+01   -0.38239E+01
       16.12691      -14.01084    0.10000E+03      -15.00000    0.20000E+01   -0.20000E+01   -0.38239E+01
       45.46626       -1.86548    0.25000E+03      -10.00000    0.23979E+01   -0.23980E+01   -0.43979E+01
       13.20936      -12.68510    0.10000E+03      -15.00000    0.20000E+01   -0.20000E+01   -0.38239E+01
       10.89537       -9.59450    0.10000E+03      -15.00000    0.20000E+01   -0.20000E+01   -0.38239E+01
       42.42756       -4.49927    0.10000E+02      -20.00000    0.10000E+01   -0.10001E+01   -0.26990E+01
       20.51196       -1.54559    0.25000E+03      -10.00000    0.23979E+01   -0.23980E+01   -0.43979E+01
       40.88601       -5.05949    0.10000E+02      -20.00000    0.10000E+01   -0.10001E+01   -0.26990E+01
        5.07704       -5.41618    0.25000E+03      -10.00000    0.23979E+01   -0.23980E+01   -0.43979E+01
        6.99770       -1.55640    0.25000E+03      -10.00000    0.23979E+01   -0.23980E+01   -0.43979E+01
       42.64061       -5.19221    0.10000E+02      -20.00000    0.10000E+01   -0.10001E+01   -0.26990E+01
       32.91185       -3.35831    0.25000E+03      -10.00000    0.23979E+01   -0.23980E+01   -0.43979E+01
       18.96392       -5.14672    0.25000E+03      -10.00000    0.23979E+01   -0.23980E+01   -0.43979E+01
        4.70364       -5.99606    0.25000E+03      -10.00000    0.23979E+01   -0.23980E+01   -0.43979E+01
       41.16660       -4.47288    0.10000E+02      -20.00000    0.10000E+01   -0.10001E+01   -0.26990E+01
       36.51175       -3.23521    0.25000E+03      -10.00000    0.23979E+01   -0.23980E+01   -0.43979E+01
       31.29694       -2.26242    0.25000E+03      -10.00000    0.23979E+01   -0.23980E+01   -0.43979E+01
       20.61697      -14.06285    0.10000E+03      -15.00000    0.20000E+01   -0.20000E+01   -0.38239E+01
        7.63073       -1.66289    0.25000E+03      -10.00000    0.23979E+01   -0.23980E+01   -0.43979E+01
        0.41033      -12.50573    0.10000E+03      -15.00000    0.20000E+01   -0.20000E+01   -0.38239E+01
        9.22315       -4.26913    0.25000E+03      -10.00000    0.23979E+01   -0.23980E+01   -0.43979E+01
       44.70772      -12.83352    0.10000E+03      -15.00000    0.20000E+01   -0.20000E+01   -0.38239E+01
       43.16866       -1.60195    0.25000E+03      -10.00000    0.23979E+01   -0.23980E+01   -0.43979E+01
       21.24389      -14.73201    0.10000E+03      -15.00000    0.20000E+01   -0.20000E+01   -0.38239E+01
       19.40384       -4.54231    0.25000E+03      -10.00000    0.23979E+01   -0.23980E+01   -0.43979E+01
       36.21543       -4.47945    0.25000E+03      -10.00000    0.23979E+01   -0.23980E+01   -0.43979E+01
        9.44717       -4.90999    0.25000E+03      -10.00000    0.23979E+01   -0.23980E+01   -0.43979E+01
       10.27618      -10.19434    0.10000E+03      -15.00000    0.20000E+01   -0.20000E+01   -0.38239E+01
       30.75519       -2.40636    0.25000E+03      -10.00000    0.23979E+01   -0.23980E+01   -0.43979E+01
       26.94108       -0.64012    0.25000E+03      -10.00000    0.23979E+01   -0.23980E+01   -0.43979E+01
       28.00211       -0.69402    0.25000E+03      -10.00000    0.23979E+01   -0.23980E+01   -0.43979E+01
       13.09785      -11.74230    0.10000E+03      -15.00000    0.20000E+01   -0.20000E+01   -0.38239E+01
        3.00658       -0.65831    0.25000E+03      -10.00000    0.23979E+01   -0.23980E+01   -0.43979E+01
        4.03624       -0.69235    0.25000E+03      -10.00000    0.23979E+01   -0.23980E+01   -0.43979E+01
       40.95445      -14.24936    0.10000E+03      -15.00000    0.20000E+01   -0.20000E+01   -0.38239E+01
       17.03367      -14.15301    0.10000E+03      -15.00000    0.20000E+01   -0.20000E+01   -0.38239E+01
        2.88711      -13.27334    0.10000E+03      -15.00000    0.20000E+01   -0.20000E+01   -0.38239E+01
       32.60644       -4.61107    0.25000E+03      -10.00000    0.23979E+01   -0.23980E+01   -0.43979E+01
       24.74441       -9.62657    0.10000E+02      -20.00000    0.10000E+01   -0.10001E+01   -0.26990E+01
       19.01165       -0.71651    0.25000E+03      -10.00000    0.23979E+01   -0.23980E+01   -0.43979E+01
       18.00000       -0.69060    0.25000E+03      -10.00000    0.23979E+01   -0.23980E+01   -0.43979E+01
       44.25439      -13.57345    0.10000E+03      -15.00000    0.20000E+01   -0.20000E+01   -0.38239E+01
        5.38903      -11.16923    0.10000E+03      -15.00000    0.20000E+01   -0.20000E+01   -0.38239E+01
       32.41302       -1.52811    0.25000E+03      -10.00000    0.23979E+01   -0.23980E+01   -0.43979E+01
       38.83358       -1.20352    0.25000E+03      -10.00000    0.23979E+01   -0.23980E+01   -0.43979E+01
       12.34100       -5.18607    0.25000E+03      -10.00000    0.23979E+01   -0.23980E+01   -0.43979E+01
       12.89167       -5.52956    0.25000E+03      -10.00000    0.23979E+01   -0.23980E+01   -0.43979E+01
       12.37227      -13.20952    0.10000E+03      -15.00000    0.20000E+01   -0.20000E+01   -0.38239E+01
        8.53044       -2.41646    0.25000E+03      -10.00000    0.23979E+01   -0.23980E+01   -0.43979E+01
       12.51638      -14.25452    0.10000E+03      -15.00000    0.20000E+01   -0.20000E+01   -0.38239E+01
       24.03985       -5.08797    0.25000E+03      -10.00000    0.23979E+01   -0.23980E+01   -0.43979E+01
       36.54155       -5.22508    0.10000E+02      -20.00000    0.10000E+01   -0.10001E+01   -0.26990E+01
       30.69881      -11.84711    0.10000E+03      -15.00000    0.20000E+01   -0.20000E+01   -0.38239E+01
        4.70387       -1.58651    0.25000E+03      -10.00000    0.23979E+01   -0.23980E+01   -0.43979E+01
       23.05630      -14.77722    0.10000E+03      -15.00000    0.20000E+01   -0.20000E+01   -0.38239E+01
        9.50284       -3.14363    0.25000E+03      -10.00000    0.23979E+01   -0.23980E+01   -0.43979E+01
       10.40208       -1.33570    0.25000E+03      -10.00000    0.23979E+01   -0.23980E+01   -0.43979E+01
       22.74266       -5.52843    0.25000E+03      -10.00000    0.23979E+01   -0.23980E+01   -0.43979E+01
       39.32885       -1.46858    0.25000E+03      -10.00000    0.23979E+01   -0.23980E+01   -0.43979E+01
       28.73576       -1.55670    0.25000E+03      -10.00000    0.23979E+01   -0.23980E+01   -0.43979E+01
       31.37329       -5.08878    0.25000E+03      -10.00000    0.23979E+01   -0.23980E+01   -0.43979E+01
       26.47694      -11.32252    0.10000E+03      -15.00000    0.20000E+01   -0.20000E+01   -0.38239E+01
       23.21334       -5.00617    0.25000E+03      -10.00000    0.23979E+01   -0.23980E+01   -0.43979E+01
       26.99961      -11.82076    0.10000E+03      -15.00000    0.20000E+01   -0.20000E+01   -0.38239E+01
       31.89322       -1.24509    0.25000E+03      -10.00000    0.23979E+01   -0.23980E+01   -0.43979E+01
       15.37182      -14.75284    0.10000E+03      -15.00000    0.20000E+01   -0.20000E+01   -0.38239E+01
       34.89227       -2.19539    0.25000E+03      -10.00000    0.23979E+01   -0.23980E+01   -0.43979E+01
       41.90786      -14.77490    0.10000E+03      -15.00000    0.20000E+01   -0.20000E+01   -0.38239E+01
       30.08084      -11.34675    0.10000E+03      -15.00000    0.20000E+01   -0.20000E+01   -0.38239E+01
       21.50152       -1.58129    0.25000E+03      -10.00000    0.23979E+01   -0.23980E+01   -0.43979E+01
       44.25628       -1.11155    0.25000E+03      -10.00000    0.23979E+01   -0.23980E+01   -0.43979E+01
       27.92336       -5.07399    0.25000E+03      -10.00000    0.23979E+01   -0.23980E+01   -0.43979E+01
       35.67516      -12.47048    0.10000E+03      -15.00000    0.20000E+01   -0.20000E+01   -0.38239E+01
       22.24219      -14.17922    0.10000E+03      -15.00000    0.20000E+01   -0.20000E+01   -0.38239E+01
       41.20589       -2.48344    0.25000E+03      -10.00000    0.23979E+01   -0.23980E+01   -0.43979E+01
       40.05874       -5.02578    0.10000E+02      -20.00000    0.10000E+01   -0.10001E+01   -0.26990E+01
        3.47890      -12.62419    0.10000E+03      -15.00000    0.20000E+01   -0.20000E+01   -0.38239E+01
        3.91897       -5.81383    0.25000E+03      -10.00000    0.23979E+01   -0.23980E+01   -0.43979E+01
        3.40741       -6.37173    0.25000E+03      -10.00000    0.23979E+01   -0.23980E+01   -0.43979E+01
       41.02085       -0.59390    0.25000E+03      -10.00000    0.23979E+01   -0.23980E+01   -0.43979E+01
       38.97186      -13.25626    0.10000E+03      -15.00000    0.20000E+01   -0.20000E+01   -0.38239E+01
       14.17290       -5.29566    0.25000E+03      -10.00000    0.23979E+01   -0.23980E+01   -0.43979E+01
       31.82520       -4.48295    0.25000E+03      -10.00000    0.23979E+01   -0.23980E+01   -0.43979E+01
       19.58755       -1.58241    0.25000E+03      -10.00000    0.23979E+01   -0.23980E+01   -0.43979E+01
        2.46792       -2.70328    0.25000E+03      -10.00000    0.23979E+01   -0.23980E+01   -0.43979E+01
       17.48344       -2.92235    0.25000E+03      -10.00000    0.23979E+01   -0.23980E+01   -0.43979E+01
       18.55387       -1.88825    0.25000E+03      -10.00000    0.23979E+01   -0.23980E+01   -0.43979E+01
       39.65123       -5.62221    0.10000E+02      -20.00000    0.10000E+01   -0.10001E+01   -0.26990E+01
       24.35630       -4.50448    0.25000E+03      -10.00000    0.23979E+01   -0.23980E+01   -0.43979E+01
       44.96067       -2.31547    0.25000E+03      -10.00000    0.23979E+01   -0.23980E+01   -0.43979E+01
       41.52573       -0.31704    0.25000E+03      -10.00000    0.23979E+01   -0.23980E+01   -0.43979E+01
       36.12294       -2.03522    0.25000E+03      -10.00000    0.23979E+01   -0.23980E+01   -0.43979E+01
       18.07897       -1.72013    0.25000E+03      -10.00000    0.23979E+01   -0.23980E+01   -0.43979E+01
       19.26396       -5.91930    0.25000E+03      -10.00000    0.23979E+01   -0.23980E+01   -0.43979E+01
       34.20448       -1.14999    0.25000E+03      -10.00000    0.23979E+01   -0.23980E+01   -0.43979E+01
       19.77618      -14.12282    0.10000E+03      -15.00000    0.20000E+01   -0.20000E+01   -0.38239E+01
        6.18707      -11.71728    0.10000E+03      -15.00000    0.20000E+01   -0.20000E+01   -0.38239E+01
       35.01978      -13.13731    0.10000E+03      -15.00000    0.20000E+01   -0.20000E+01   -0.38239E+01
       25.54942       -9.80876    0.10000E+02      -20.00000    0.10000E+01   -0.10001E+01   -0.26990E+01
        5.68765       -5.34489    0.25000E+03      -10.00000    0.23979E+01   -0.23980E+01   -0.43979E+01
       37.31681       -1.31747    0.25000E+03      -10.00000    0.23979E+01   -0.23980E+01   -0.43979E+01
       26.59519       -5.48129    0.25000E+03      -10.00000    0.23979E+01   -0.23980E+01   -0.43979E+01
       32.52534       -2.13578    0.25000E+03      -10.00000    0.23979E+01   -0.23980E+01   -0.43979E+01
       10.47693       -5.73568    0.25000E+03      -10.00000    0.23979E+01   -0.23980E+01   -0.43979E+01
        7.89147      -11.71579    0.10000E+03      -15.00000    0.20000E+01   -0.20000E+01   -0.38239E+01
       15.95054       -1.21187    0.25000E+03      -10.00000    0.23979E+01   -0.23980E+01   -0.43979E+01
       34.83629       -1.10188    0.25000E+03      -10.00000    0.23979E+01   -0.23980E+01   -0.43979E+01
       25.03714       -4.30000    0.25000E+03      -10.00000    0.23979E+01   -0.23980E+01   -0.43979E+01
        9.99895       -2.67776    0.25000E+03      -10.00000    0.23979E+01   -0.23980E+01   -0.43979E+01
       10.22437       -5.05043    0.25000E+03      -10.00000    0.23979E+01   -0.23980E+01   -0.43979E+01
       36.06663       -5.83194    0.10000E+02      -20.00000    0.10000E+01   -0.10001E+01   -0.26990E+01
       34.36914       -2.33010    0.25000E+03      -10.00000    0.23979E+01   -0.23980E+01   -0.43979E+01
       28.09427       -5.81824    0.25000E+03      -10.00000    0.23979E+01   -0.23980E+01   -0.43979E+01
       11.63353      -14.79818    0.10000E+03      -15.00000    0.20000E+01   -0.20000E+01   -0.38239E+01
       40.83591       -2.90094    0.25000E+03      -10.00000    0.23979E+01   -0.23980E+01   -0.43979E+01
        7.85320       -2.32418    0.25000E+03      -10.00000    0.23979E+01   -0.23980E+01   -0.43979E+01
       24.07620      -10.21640    0.10000E+02      -20.00000    0.10000E+01   -0.10001E+01   -0.26990E+01
       19.06901       -1.40281    0.25000E+03      -10.00000    0.23979E+01   -0.23980E+01   -0.43979E+01
        2.22716       -2.10055    0.25000E+03      -10.00000    0.23979E+01   -0.23980E+01   -0.43979E+01
        8.81911      -13.20462    0.10000E+03      -15.00000    0.20000E+01   -0.20000E+01   -0.38239E+01
       25.91106      -13.18962    0.10000E+03      -15.00000    0.20000E+01   -0.20000E+01   -0.38239E+01
        3.11950      -14.24577    0.10000E+03      -15.00000    0.20000E+01   -0.20000E+01   -0.38239E+01
       28.91847       -2.16920    0.25000E+03      -10.00000    0.23979E+01   -0.23980E+01   -0.43979E+01
        7.90273      -12.69550    0.10000E+03      -15.00000    0.20000E+01   -0.20000E+01   -0.38239E+01
        7.03104      -11.26693    0.10000E+03      -15.00000    0.20000E+01   -0.20000E+01   -0.38239E+01
       25.02962       -1.23527    0.25000E+03      -10.00000    0.23979E+01   -0.23980E+01   -0.43979E+01
       39.83993      -12.76211    0.10000E+03      -15.00000    0.20000E+01   -0.20000E+01   -0.38239E+01
       39.01132      -14.28891    0.10000E+03      -15.00000    0.20000E+01   -0.20000E+01   -0.38239E+01
        9.74057       -3.78520    0.25000E+03      -10.00000    0.23979E+01   -0.23980E+01   -0.43979E+01
       10.43015       -1.80525    0.25000E+03      -10.00000    0.23979E+01   -0.23980E+01   -0.43979E+01
       44.90443       -1.04846    0.25000E+03      -10.00000    0.23979E+01   -0.23980E+01   -0.43979E+01
       43.45949       -5.31165    0.10000E+02      -20.00000    0.10000E+01   -0.10001E+01   -0.26990E+01
       13.48222       -1.41437    0.25000E+03      -10.00000    0.23979E+01   -0.23980E+01   -0.43979E+01
       14.28271       -6.07321    0.25000E+03      -10.00000    0.23979E+01   -0.23980E+01   -0.43979E+01
       23.43282       -1.71733    0.25000E+03      -10.00000    0.23979E+01   -0.23980E+01   -0.43979E+01
        4.84666       -2.22236    0.25000E+03      -10.00000    0.23979E+01   -0.23980E+01   -0.43979E+01
       45.21957       -2.94482    0.25000E+03      -10.00000    0.23979E+01   -0.23980E+01   -0.43979E+01
       20.74182      -10.97701    0.10000E+03      -15.00000    0.20000E+01   -0.20000E+01   -0.38239E+01
        4.11025      -14.73957    0.10000E+03      -15.00000    0.20000E+01   -0.20000E+01   -0.38239E+01
       15.40273       -2.42698    0.25000E+03      -10.00000    0.23979E+01   -0.23980E+01   -0.43979E+01
       30.49219       -3.00032    0.25000E+03      -10.00000    0.23979E+01   -0.23980E+01   -0.43979E+01
       35.11636       -1.49463    0.25000E+03      -10.00000    0.23979E+01   -0.23980E+01   -0.43979E+01
       16.97843       -3.43361    0.25000E+03      -10.00000    0.23979E+01   -0.23980E+01   -0.43979E+01
       18.15718       -5.00641    0.25000E+03      -10.00000    0.23979E+01   -0.23980E+01   -0.43979E+01
       31.66183       -5.81589    0.10000E+02      -20.00000    0.10000E+01   -0.10001E+01   -0.26990E+01
        1.97611       -3.22666    0.25000E+03      -10.00000    0.23979E+01   -0.23980E+01   -0.43979E+01
       31.47351      -14.30536    0.10000E+03      -15.00000    0.20000E+01   -0.20000E+01   -0.38239E+01
       25.85446      -14.26875    0.10000E+03      -15.00000    0.20000E+01   -0.20000E+01   -0.38239E+01
       35.19929      -14.18867    0.10000E+03      -15.00000    0.20000E+01   -0.20000E+01   -0.38239E+01
        8.83425      -14.25475    0.10000E+03      -15.00000    0.20000E+01   -0.20000E+01   -0.38239E+01
       12.19209      -11.22030    0.10000E+03      -15.00000    0.20000E+01   -0.20000E+01   -0.38239E+01
        0.01822       -1.18863    0.25000E+03      -10.00000    0.23979E+01   -0.23980E+01   -0.43979E+01
       13.53125       -1.99766    0.25000E+03      -10.00000    0.23979E+01   -0.23980E+01   -0.43979E+01
        9.86774       -2.13091    0.25000E+03      -10.00000    0.23979E+01   -0.23980E+01   -0.43979E+01
        4.36771       -2.68634    0.25000E+03      -10.00000    0.23979E+01   -0.23980E+01   -0.43979E+01
       21.93522       -9.52710    0.10000E+02      -20.00000    0.10000E+01   -0.10001E+01   -0.26990E+01
       17.25461       -2.30860    0.25000E+03      -10.00000    0.23979E+01   -0.23980E+01   -0.43979E+01
       17.66118       -5.57630    0.25000E+03      -10.00000    0.23979E+01   -0.23980E+01   -0.43979E+01
        9.62327      -11.68331    0.10000E+03      -15.00000    0.20000E+01   -0.20000E+01   -0.38239E+01
       25.04286      -11.62270    0.10000E+03      -15.00000    0.20000E+01   -0.20000E+01   -0.38239E+01
       34.09753       -2.92241    0.25000E+03      -10.00000    0.23979E+01   -0.23980E+01   -0.43979E+01
       43.75190       -6.01726    0.10000E+02      -20.00000    0.10000E+01   -0.10001E+01   -0.26990E+01
       37.74546       -2.88872    0.25000E+03      -10.00000    0.23979E+01   -0.23980E+01   -0.43979E+01
       16.68003       -4.64972    0.25000E+03      -10.00000    0.23979E+01   -0.23980E+01   -0.43979E+01
        1.60728       -4.40770    0.25000E+03      -10.00000    0.23979E+01   -0.23980E+01   -0.43979E+01
       29.53702       -2.29054    0.25000E+03      -10.00000    0.23979E+01   -0.23980E+01   -0.43979E+01
        1.17009       -2.36446    0.25000E+03      -10.00000    0.23979E+01   -0.23980E+01   -0.43979E+01
       30.34146       -4.24227    0.25000E+03      -10.00000    0.23979E+01   -0.23980E+01   -0.43979E+01
       33.93008       -4.18071    0.25000E+03      -10.00000    0.23979E+01   -0.23980E+01   -0.43979E+01
       16.45054       -1.50531    0.25000E+03      -10.00000    0.23979E+01   -0.23980E+01   -0.43979E+01
       37.52185       -4.04042    0.25000E+03      -10.00000    0.23979E+01   -0.23980E+01   -0.43979E+01
       45.92841       -2.99142    0.25000E+03      -10.00000    0.23979E+01   -0.23980E+01   -0.43979E+01
       45.81598       -4.19336    0.10000E+02      -20.00000    0.10000E+01   -0.10001E+01   -0.26990E+01
       14.36867      -14.20918    0.10000E+03      -15.00000    0.20000E+01   -0.20000E+01   -0.38239E+01
       37.99082       -3.47944    0.25000E+03      -10.00000    0.23979E+01   -0.23980E+01   -0.43979E+01
       33.25323      -13.31534    0.10000E+03      -15.00000    0.20000E+01   -0.20000E+01   -0.38239E+01
       29.59303      -13.24622    0.10000E+03      -15.00000    0.20000E+01   -0.20000E+01   -0.38239E+01
       34.39586       -3.59556    0.25000E+03      -10.00000    0.23979E+01   -0.23980E+01   -0.43979E+01
       30.80454       -3.66695    0.25000E+03      -10.00000    0.23979E+01   -0.23980E+01   -0.43979E+01
       18.17684       -3.06822    0.25000E+03      -10.00000    0.23979E+01   -0.23980E+01   -0.43979E+01
        0.78909       -3.47387    0.25000E+03      -10.00000    0.23979E+01   -0.23980E+01   -0.43979E+01
       32.33470      -12.89015    0.10000E+03      -15.00000    0.20000E+01   -0.20000E+01   -0.38239E+01
        3.16395       -2.90731    0.25000E+03      -10.00000    0.23979E+01   -0.23980E+01   -0.43979E+01
       17.19249       -4.11719    0.25000E+03      -10.00000    0.23979E+01   -0.23980E+01   -0.43979E+01
       44.22999       -2.24351    0.25000E+03      -10.00000    0.23979E+01   -0.23980E+01   -0.43979E+01
        9.69784      -12.68034    0.10000E+03      -15.00000    0.20000E+01   -0.20000E+01   -0.38239E+01
       25.02379      -12.63099    0.10000E+03      -15.00000    0.20000E+01   -0.20000E+01   -0.38239E+01
        1.19168       -5.65800    0.25000E+03      -10.00000    0.23979E+01   -0.23980E+01   -0.43979E+01
       37.80392       -4.72823    0.10000E+02      -20.00000    0.10000E+01   -0.10001E+01   -0.26990E+01
       23.24166       -2.13299    0.25000E+03      -10.00000    0.23979E+01   -0.23980E+01   -0.43979E+01
       34.20194       -4.88047    0.25000E+03      -10.00000    0.23979E+01   -0.23980E+01   -0.43979E+01
       18.67205       -2.55866    0.25000E+03      -10.00000    0.23979E+01   -0.23980E+01   -0.43979E+01
       29.79686       -2.89920    0.25000E+03      -10.00000    0.23979E+01   -0.23980E+01   -0.43979E+01
       30.60851       -4.94939    0.25000E+03      -10.00000    0.23979E+01   -0.23980E+01   -0.43979E+01
        4.10565       -1.36495    0.25000E+03      -10.00000    0.23979E+01   -0.23980E+01   -0.43979E+01
       15.77221       -3.75463    0.25000E+03      -10.00000    0.23979E+01   -0.23980E+01   -0.43979E+01
       14.91506       -2.92446    0.25000E+03      -10.00000    0.23979E+01   -0.23980E+01   -0.43979E+01
       16.27808       -3.25998    0.25000E+03      -10.00000    0.23979E+01   -0.23980E+01   -0.43979E+01
        2.14876       -3.91829    0.25000E+03      -10.00000    0.23979E+01   -0.23980E+01   -0.43979E+01
       16.89537       -5.38141    0.25000E+03      -10.00000    0.23979E+01   -0.23980E+01   -0.43979E+01
       41.28948       -5.74497    0.10000E+02      -20.00000    0.10000E+01   -0.10001E+01   -0.26990E+01
       16.35066       -5.93709    0.25000E+03      -10.00000    0.23979E+01   -0.23980E+01   -0.43979E+01
        3.67354       -2.43543    0.25000E+03      -10.00000    0.23979E+01   -0.23980E+01   -0.43979E+01
       27.60684       -1.83765    0.25000E+03      -10.00000    0.23979E+01   -0.23980E+01   -0.43979E+01
       29.38611       -3.43176    0.25000E+03      -10.00000    0.23979E+01   -0.23980E+01   -0.43979E+01
        9.92414       -6.27685    0.25000E+03      -10.00000    0.23979E+01   -0.23980E+01   -0.43979E+01
        1.75969       -5.14185    0.25000E+03      -10.00000    0.23979E+01   -0.23980E+01   -0.43979E+01
        1.30335       -3.01111    0.25000E+03      -10.00000    0.23979E+01   -0.23980E+01   -0.43979E+01
       24.02081      -14.23098    0.10000E+03      -15.00000    0.20000E+01   -0.20000E+01   -0.38239E+01
        6.98753      -13.20805    0.10000E+03      -15.00000    0.20000E+01   -0.20000E+01   -0.38239E+01
       27.80908       -2.50687    0.25000E+03      -10.00000    0.23979E+01   -0.23980E+01   -0.43979E+01
       40.87524      -13.23967    0.10000E+03      -15.00000    0.20000E+01   -0.20000E+01   -0.38239E+01
       30.11242       -5.53292    0.25000E+03      -10.00000    0.23979E+01   -0.23980E+01   -0.43979E+01
        9.12158       -6.08308    0.25000E+03      -10.00000    0.23979E+01   -0.23980E+01   -0.43979E+01
       39.82279      -11.95061    0.10000E+03      -15.00000    0.20000E+01   -0.20000E+01   -0.38239E+01
       20.33810       -2.16786    0.25000E+03      -10.00000    0.23979E+01   -0.23980E+01   -0.43979E+01
       33.72987       -5.47654    0.10000E+02      -20.00000    0.10000E+01   -0.10001E+01   -0.26990E+01
        8.10341       -5.21874    0.25000E+03      -10.00000    0.23979E+01   -0.23980E+01   -0.43979E+01
       37.33427       -5.33220    0.10000E+02      -20.00000    0.10000E+01   -0.10001E+01   -0.26990E+01
       15.42151       -4.99186    0.25000E+03      -10.00000    0.23979E+01   -0.23980E+01   -0.43979E+01
       10.45728      -11.15520    0.10000E+03      -15.00000    0.20000E+01   -0.20000E+01   -0.38239E+01
       24.14854      -11.14794    0.10000E+03      -15.00000    0.20000E+01   -0.20000E+01   -0.38239E+01
        6.24826       -5.77681    0.25000E+03      -10.00000    0.23979E+01   -0.23980E+01   -0.43979E+01
        2.08814       -6.68048    0.25000E+03      -10.00000    0.23979E+01   -0.23980E+01   -0.43979E+01
       28.48554       -2.64592    0.25000E+03      -10.00000    0.23979E+01   -0.23980E+01   -0.43979E+01
       44.78961       -3.50099    0.25000E+03      -10.00000    0.23979E+01   -0.23980E+01   -0.43979E+01
       11.29467       -5.87519    0.25000E+03      -10.00000    0.23979E+01   -0.23980E+01   -0.43979E+01
       42.12941       -5.82654    0.10000E+02      -20.00000    0.10000E+01   -0.10001E+01   -0.26990E+01
       42.81894       -2.17009    0.25000E+03      -10.00000    0.23979E+01   -0.23980E+01   -0.43979E+01
        8.73328      -11.22788    0.10000E+03      -15.00000    0.20000E+01   -0.20000E+01   -0.38239E+01
       43.78796       -2.81987    0.25000E+03      -10.00000    0.23979E+01   -0.23980E+01   -0.43979E+01
        8.54391       -6.60241    0.25000E+03      -10.00000    0.23979E+01   -0.23980E+01   -0.43979E+01
       12.99906       -2.39556    0.25000E+03      -10.00000    0.23979E+01   -0.23980E+01   -0.43979E+01
        0.09599       -2.49228    0.25000E+03      -10.00000    0.23979E+01   -0.23980E+01   -0.43979E+01
       13.67913       -6.62811    0.25000E+03      -10.00000    0.23979E+01   -0.23980E+01   -0.43979E+01
       20.06434       -6.12185    0.25000E+03      -10.00000    0.23979E+01   -0.23980E+01   -0.43979E+01
       45.73271       -5.49160    0.10000E+02      -20.00000    0.10000E+01   -0.10001E+01   -0.26990E+01
       25.32421       -2.56372    0.25000E+03      -10.00000    0.23979E+01   -0.23980E+01   -0.43979E+01
       17.34701       -6.90970    0.25000E+03      -10.00000    0.23979E+01   -0.23980E+01   -0.43979E+01
       25.18464       -5.88383    0.25000E+03      -10.00000    0.23979E+01   -0.23980E+01   -0.43979E+01
       27.33386       -3.00719    0.25000E+03      -10.00000    0.23979E+01   -0.23980E+01   -0.43979E+01
       22.44393       -6.75870    0.25000E+03      -10.00000    0.23979E+01   -0.23980E+01   -0.43979E+01
       27.52766       -6.40095    0.10000E+02      -20.00000    0.10000E+01   -0.10001E+01   -0.26990E+01
       31.16051       -6.41616    0.10000E+02      -20.00000    0.10000E+01   -0.10001E+01   -0.26990E+01
       34.80448       -6.32638    0.10000E+02      -20.00000    0.10000E+01   -0.10001E+01   -0.26990E+01
       28.65418      -12.78572    0.10000E+03      -15.00000    0.20000E+01   -0.20000E+01   -0.38239E+01
        6.13229      -12.67868    0.10000E+03      -15.00000    0.20000E+01   -0.20000E+01   -0.38239E+01
       38.43518       -6.15662    0.10000E+02      -20.00000    0.10000E+01   -0.10001E+01   -0.26990E+01
       39.10808       -3.04304    0.25000E+03      -10.00000    0.23979E+01   -0.23980E+01   -0.43979E+01
       12.26501      -10.39145    0.10000E+03      -15.00000    0.20000E+01   -0.20000E+01   -0.38239E+01
       18.69796       -6.54047    0.25000E+03      -10.00000    0.23979E+01   -0.23980E+01   -0.43979E+01
       28.10059       -1.36420    0.25000E+03      -10.00000    0.23979E+01   -0.23980E+01   -0.43979E+01
        0.92037       -4.17882    0.25000E+03      -10.00000    0.23979E+01   -0.23980E+01   -0.43979E+01
       40.81953       -6.43206    0.10000E+02      -20.00000    0.10000E+01   -0.10001E+01   -0.26990E+01
       27.71648      -14.29796    0.10000E+03      -15.00000    0.20000E+01   -0.20000E+01   -0.38239E+01
       22.25348       -2.40619    0.25000E+03      -10.00000    0.23979E+01   -0.23980E+01   -0.43979E+01
        6.98101      -14.25886    0.10000E+03      -15.00000    0.20000E+01   -0.20000E+01   -0.38239E+01
       33.33155      -14.27757    0.10000E+03      -15.00000    0.20000E+01   -0.20000E+01   -0.38239E+01
       29.59346      -14.30421    0.10000E+03      -15.00000    0.20000E+01   -0.20000E+01   -0.38239E+01
        0.16214       -3.20405    0.25000E+03      -10.00000    0.23979E+01   -0.23980E+01   -0.43979E+01
       43.26762       -6.66539    0.10000E+02      -20.00000    0.10000E+01   -0.10001E+01   -0.26990E+01
       16.07752       -2.57437    0.25000E+03      -10.00000    0.23979E+01   -0.23980E+01   -0.43979E+01
       35.27937       -5.71545    0.10000E+02      -20.00000    0.10000E+01   -0.10001E+01   -0.26990E+01
       26.83195      -12.76659    0.10000E+03      -15.00000    0.20000E+01   -0.20000E+01   -0.38239E+01
       10.67043      -14.25648    0.10000E+03      -15.00000    0.20000E+01   -0.20000E+01   -0.38239E+01
        0.54141       -1.47899    0.25000E+03      -10.00000    0.23979E+01   -0.23980E+01   -0.43979E+01
       15.96010       -4.46078    0.25000E+03      -10.00000    0.23979E+01   -0.23980E+01   -0.43979E+01
        5.93400       -1.94155    0.25000E+03      -10.00000    0.23979E+01   -0.23980E+01   -0.43979E+01
        1.33950       -6.43199    0.25000E+03      -10.00000    0.23979E+01   -0.23980E+01   -0.43979E+01
       18.38319       -3.74129    0.25000E+03      -10.00000    0.23979E+01   -0.23980E+01   -0.43979E+01
       44.67673       -4.75882    0.10000E+02      -20.00000    0.10000E+01   -0.10001E+01   -0.26990E+01
       15.08398       -3.56649    0.25000E+03      -10.00000    0.23979E+01   -0.23980E+01   -0.43979E+01
       14.25446       -2.76404    0.25000E+03      -10.00000    0.23979E+01   -0.23980E+01   -0.43979E+01
        7.75825       -6.38160    0.25000E+03      -10.00000    0.23979E+01   -0.23980E+01   -0.43979E+01
       15.59672       -5.73648    0.25000E+03      -10.00000    0.23979E+01   -0.23980E+01   -0.43979E+01
       29.61837       -4.10820    0.25000E+03      -10.00000    0.23979E+01   -0.23980E+01   -0.43979E+01
       30.52958      -12.80150    0.10000E+03      -15.00000    0.20000E+01   -0.20000E+01   -0.38239E+01
        0.35658       -4.65212    0.25000E+03      -10.00000    0.23979E+01   -0.23980E+01   -0.43979E+01
       12.92577       -6.33691    0.25000E+03      -10.00000    0.23979E+01   -0.23980E+01   -0.43979E+01
        3.55427       -1.74989    0.25000E+03      -10.00000    0.23979E+01   -0.23980E+01   -0.43979E+01
       36.87068       -1.03944    0.25000E+03      -10.00000    0.23979E+01   -0.23980E+01   -0.43979E+01
       33.42103       -2.82973    0.25000E+03      -10.00000    0.23979E+01   -0.23980E+01   -0.43979E+01
       28.65320      -14.81297    0.10000E+03      -15.00000    0.20000E+01   -0.20000E+01   -0.38239E+01
       32.30414      -12.13147    0.10000E+03      -15.00000    0.20000E+01   -0.20000E+01   -0.38239E+01
       16.56156       -6.70390    0.25000E+03      -10.00000    0.23979E+01   -0.23980E+01   -0.43979E+01
       45.53683      -14.80229    0.10000E+03      -15.00000    0.20000E+01   -0.20000E+01   -0.38239E+01
       32.41925      -14.81413    0.10000E+03      -15.00000    0.20000E+01   -0.20000E+01   -0.38239E+01
       36.17299      -14.72523    0.10000E+03      -15.00000    0.20000E+01   -0.20000E+01   -0.38239E+01
       13.51485      -14.78634    0.10000E+03      -15.00000    0.20000E+01   -0.20000E+01   -0.38239E+01
        6.04365      -14.79241    0.10000E+03      -15.00000    0.20000E+01   -0.20000E+01   -0.38239E+01
        0.30102      -14.72753    0.10000E+03      -15.00000    0.20000E+01   -0.20000E+01   -0.38239E+01
       39.95860      -14.80445    0.10000E+03      -15.00000    0.20000E+01   -0.20000E+01   -0.38239E+01
        9.78289      -14.78831    0.10000E+03      -15.00000    0.20000E+01   -0.20000E+01   -0.38239E+01
       24.90652      -14.78376    0.10000E+03      -15.00000    0.20000E+01   -0.20000E+01   -0.38239E+01
       19.14710      -14.79198    0.10000E+03      -15.00000    0.20000E+01   -0.20000E+01   -0.38239E+01
        3.36085       -3.64592    0.25000E+03      -10.00000    0.23979E+01   -0.23980E+01   -0.43979E+01
       37.06215       -2.78615    0.25000E+03      -10.00000    0.23979E+01   -0.23980E+01   -0.43979E+01
       24.63958       -2.35606    0.25000E+03      -10.00000    0.23979E+01   -0.23980E+01   -0.43979E+01
        5.66756       -3.08975    0.25000E+03      -10.00000    0.23979E+01   -0.23980E+01   -0.43979E+01
       28.69334       -3.29983    0.25000E+03      -10.00000    0.23979E+01   -0.23980E+01   -0.43979E+01
       21.64029       -6.57365    0.25000E+03      -10.00000    0.23979E+01   -0.23980E+01   -0.43979E+01
        4.51794       -3.35736    0.25000E+03      -10.00000    0.23979E+01   -0.23980E+01   -0.43979E+01
       26.65517       -2.86802    0.25000E+03      -10.00000    0.23979E+01   -0.23980E+01   -0.43979E+01
       26.76893       -6.23185    0.10000E+02      -20.00000    0.10000E+01   -0.10001E+01   -0.26990E+01
       38.20338       -2.38996    0.25000E+03      -10.00000    0.23979E+01   -0.23980E+01   -0.43979E+01
        9.90859       -1.11133    0.25000E+03      -10.00000    0.23979E+01   -0.23980E+01   -0.43979E+01
       32.94188       -5.35171    0.10000E+02      -20.00000    0.10000E+01   -0.10001E+01   -0.26990E+01
        8.85484       -1.93789    0.25000E+03      -10.00000    0.23979E+01   -0.23980E+01   -0.43979E+01
       30.37587       -6.27258    0.10000E+02      -20.00000    0.10000E+01   -0.10001E+01   -0.26990E+01
       45.09844       -4.14641    0.10000E+02      -20.00000    0.10000E+01   -0.10001E+01   -0.26990E+01
       34.02525       -6.20553    0.10000E+02      -20.00000    0.10000E+01   -0.10001E+01   -0.26990E+01
       17.90191       -6.33778    0.25000E+03      -10.00000    0.23979E+01   -0.23980E+01   -0.43979E+01
        8.79227       -3.02515    0.25000E+03      -10.00000    0.23979E+01   -0.23980E+01   -0.43979E+01
       37.65342       -6.05398    0.10000E+02      -20.00000    0.10000E+01   -0.10001E+01   -0.26990E+01
        5.06590      -14.20198    0.10000E+03      -15.00000    0.20000E+01   -0.20000E+01   -0.38239E+01
        6.75583       -1.03243    0.25000E+03      -10.00000    0.23979E+01   -0.23980E+01   -0.43979E+01
       42.17088       -2.11649    0.25000E+03      -10.00000    0.23979E+01   -0.23980E+01   -0.43979E+01
       44.08867       -3.44800    0.25000E+03      -10.00000    0.23979E+01   -0.23980E+01   -0.43979E+01
       43.11305       -2.76084    0.25000E+03      -10.00000    0.23979E+01   -0.23980E+01   -0.43979E+01
       40.00855       -6.34301    0.10000E+02      -20.00000    0.10000E+01   -0.10001E+01   -0.26990E+01
        5.17627       -1.18432    0.25000E+03      -10.00000    0.23979E+01   -0.23980E+01   -0.43979E+01
       38.87743       -5.53391    0.10000E+02      -20.00000    0.10000E+01   -0.10001E+01   -0.26990E+01
       29.13835       -4.67374    0.25000E+03      -10.00000    0.23979E+01   -0.23980E+01   -0.43979E+01
        0.58969       -2.11544    0.25000E+03      -10.00000    0.23979E+01   -0.23980E+01   -0.43979E+01
       15.02012       -6.29224    0.25000E+03      -10.00000    0.23979E+01   -0.23980E+01   -0.43979E+01
       44.98196       -5.44065    0.10000E+02      -20.00000    0.10000E+01   -0.10001E+01   -0.26990E+01
       42.46402       -6.59411    0.10000E+02      -20.00000    0.10000E+01   -0.10001E+01   -0.26990E+01
       37.35561       -1.83244    0.25000E+03      -10.00000    0.23979E+01   -0.23980E+01   -0.43979E+01
       22.43386      -11.02539    0.10000E+03      -15.00000    0.20000E+01   -0.20000E+01   -0.38239E+01
       26.77394      -14.81499    0.10000E+03      -15.00000    0.20000E+01   -0.20000E+01   -0.38239E+01
        7.91136      -14.79644    0.10000E+03      -15.00000    0.20000E+01   -0.20000E+01   -0.38239E+01
       34.28029      -14.79344    0.10000E+03      -15.00000    0.20000E+01   -0.20000E+01   -0.38239E+01
       30.53625      -14.82123    0.10000E+03      -15.00000    0.20000E+01   -0.20000E+01   -0.38239E+01
       12.35858       -2.17585    0.25000E+03      -10.00000    0.23979E+01   -0.23980E+01   -0.43979E+01
       13.53522       -5.04320    0.25000E+03      -10.00000    0.23979E+01   -0.23980E+01   -0.43979E+01
       20.18698       -3.32826    0.25000E+03      -10.00000    0.23979E+01   -0.23980E+01   -0.43979E+01
       38.69245       -3.56766    0.25000E+03      -10.00000    0.23979E+01   -0.23980E+01   -0.43979E+01
       35.43335       -4.36940    0.25000E+03      -10.00000    0.23979E+01   -0.23980E+01   -0.43979E+01
        5.48999       -2.40271    0.25000E+03      -10.00000    0.23979E+01   -0.23980E+01   -0.43979E+01
       35.12886       -3.66619    0.25000E+03      -10.00000    0.23979E+01   -0.23980E+01   -0.43979E+01
       28.44388       -4.51698    0.25000E+03      -10.00000    0.23979E+01   -0.23980E+01   -0.43979E+01
       34.97221       -4.99853    0.10000E+02      -20.00000    0.10000E+01   -0.10001E+01   -0.26990E+01
       31.52350       -3.76826    0.25000E+03      -10.00000    0.23979E+01   -0.23980E+01   -0.43979E+01
       23.01077       -6.22596    0.25000E+03      -10.00000    0.23979E+01   -0.23980E+01   -0.43979E+01
        2.65321       -6.14053    0.25000E+03      -10.00000    0.23979E+01   -0.23980E+01   -0.43979E+01
        6.32044       -3.23275    0.25000E+03      -10.00000    0.23979E+01   -0.23980E+01   -0.43979E+01
       32.44919       -5.95070    0.10000E+02      -20.00000    0.10000E+01   -0.10001E+01   -0.26990E+01
       11.83101       -2.60148    0.25000E+03      -10.00000    0.23979E+01   -0.23980E+01   -0.43979E+01
       39.77743       -3.16212    0.25000E+03      -10.00000    0.23979E+01   -0.23980E+01   -0.43979E+01
       19.33801       -2.66953    0.25000E+03      -10.00000    0.23979E+01   -0.23980E+01   -0.43979E+01
       17.90384       -4.27900    0.25000E+03      -10.00000    0.23979E+01   -0.23980E+01   -0.43979E+01
       32.19688       -2.52257    0.25000E+03      -10.00000    0.23979E+01   -0.23980E+01   -0.43979E+01
        7.91860       -4.59359    0.25000E+03      -10.00000    0.23979E+01   -0.23980E+01   -0.43979E+01
       35.75616       -2.38367    0.25000E+03      -10.00000    0.23979E+01   -0.23980E+01   -0.43979E+01
       24.38309       -5.76832    0.25000E+03      -10.00000    0.23979E+01   -0.23980E+01   -0.43979E+01
        1.16980       -9.41424    0.25000E+03      -10.00000    0.23979E+01   -0.23980E+01   -0.43979E+01
       11.18990       -2.40435    0.25000E+03      -10.00000    0.23979E+01   -0.23980E+01   -0.43979E+01
        2.83749       -4.13352    0.25000E+03      -10.00000    0.23979E+01   -0.23980E+01   -0.43979E+01
       37.11172      -14.20969    0.10000E+03      -15.00000    0.20000E+01   -0.20000E+01   -0.38239E+01
        6.37629       -6.57519    0.25000E+03      -10.00000    0.23979E+01   -0.23980E+01   -0.43979E+01
        6.57108       -2.08543    0.25000E+03      -10.00000    0.23979E+01   -0.23980E+01   -0.43979E+01
       38.07872      -14.81446    0.10000E+03      -15.00000    0.20000E+01   -0.20000E+01   -0.38239E+01
        2.26566       -7.48007    0.25000E+03      -10.00000    0.23979E+01   -0.23980E+01   -0.43979E+01
       11.52665       -6.64501    0.25000E+03      -10.00000    0.23979E+01   -0.23980E+01   -0.43979E+01
        4.97996       -6.80349    0.25000E+03      -10.00000    0.23979E+01   -0.23980E+01   -0.43979E+01
        3.61951       -7.16538    0.25000E+03      -10.00000    0.23979E+01   -0.23980E+01   -0.43979E+01
       27.18299       -4.90614    0.25000E+03      -10.00000    0.23979E+01   -0.23980E+01   -0.43979E+01
       44.53130       -6.08056    0.10000E+02      -20.00000    0.10000E+01   -0.10001E+01   -0.26990E+01
       13.10666       -3.02750    0.25000E+03      -10.00000    0.23979E+01   -0.23980E+01   -0.43979E+01
       15.20527       -7.06956    0.25000E+03      -10.00000    0.23979E+01   -0.23980E+01   -0.43979E+01
       10.12685       -7.03413    0.25000E+03      -10.00000    0.23979E+01   -0.23980E+01   -0.43979E+01
       21.41371       -5.84829    0.25000E+03      -10.00000    0.23979E+01   -0.23980E+01   -0.43979E+01
        8.74680       -7.35692    0.25000E+03      -10.00000    0.23979E+01   -0.23980E+01   -0.43979E+01
       41.63888      -10.14328    0.10000E+02      -20.00000    0.10000E+01   -0.10001E+01   -0.26990E+01
       19.73838       -2.17872    0.25000E+03      -10.00000    0.23979E+01   -0.23980E+01   -0.43979E+01
       23.52437       -2.66592    0.25000E+03      -10.00000    0.23979E+01   -0.23980E+01   -0.43979E+01
       11.98595       -3.26607    0.25000E+03      -10.00000    0.23979E+01   -0.23980E+01   -0.43979E+01
       41.87711       -1.53464    0.25000E+03      -10.00000    0.23979E+01   -0.23980E+01   -0.43979E+01
       20.29895       -6.94216    0.25000E+03      -10.00000    0.23979E+01   -0.23980E+01   -0.43979E+01
       40.44923       -1.33633    0.25000E+03      -10.00000    0.23979E+01   -0.23980E+01   -0.43979E+01
        4.02067       -3.84506    0.25000E+03      -10.00000    0.23979E+01   -0.23980E+01   -0.43979E+01
       13.83208       -7.42259    0.25000E+03      -10.00000    0.23979E+01   -0.23980E+01   -0.43979E+01
       25.48537       -3.21153    0.25000E+03      -10.00000    0.23979E+01   -0.23980E+01   -0.43979E+01
       22.46127       -3.03875    0.25000E+03      -10.00000    0.23979E+01   -0.23980E+01   -0.43979E+01
       25.41916       -6.66369    0.10000E+02      -20.00000    0.10000E+01   -0.10001E+01   -0.26990E+01
       18.94208       -7.31576    0.25000E+03      -10.00000    0.23979E+01   -0.23980E+01   -0.43979E+01
        8.62794      -10.32009    0.10000E+03      -15.00000    0.20000E+01   -0.20000E+01   -0.38239E+01
       17.57618       -7.69421    0.25000E+03      -10.00000    0.23979E+01   -0.23980E+01   -0.43979E+01
       27.54810       -3.66592    0.25000E+03      -10.00000    0.23979E+01   -0.23980E+01   -0.43979E+01
        1.31306      -10.27961    0.25000E+03      -10.00000    0.23979E+01   -0.23980E+01   -0.43979E+01
       10.60051      -13.19864    0.10000E+03      -15.00000    0.20000E+01   -0.20000E+01   -0.38239E+01
       28.84180       -5.97883    0.10000E+02      -20.00000    0.10000E+01   -0.10001E+01   -0.26990E+01
       29.06812       -6.72334    0.10000E+02      -20.00000    0.10000E+01   -0.10001E+01   -0.26990E+01
        0.47548       -5.39715    0.25000E+03      -10.00000    0.23979E+01   -0.23980E+01   -0.43979E+01
       24.05597       -7.09918    0.10000E+02      -20.00000    0.10000E+01   -0.10001E+01   -0.26990E+01
       22.69428       -7.49813    0.10000E+02      -20.00000    0.10000E+01   -0.10001E+01   -0.26990E+01
       28.63421      -11.97411    0.10000E+03      -15.00000    0.20000E+01   -0.20000E+01   -0.38239E+01
       31.67627       -2.63838    0.25000E+03      -10.00000    0.23979E+01   -0.23980E+01   -0.43979E+01
       20.58864       -2.68484    0.25000E+03      -10.00000    0.23979E+01   -0.23980E+01   -0.43979E+01
       23.29164      -11.60363    0.10000E+03      -15.00000    0.20000E+01   -0.20000E+01   -0.38239E+01
       32.74271       -6.69320    0.10000E+02      -20.00000    0.10000E+01   -0.10001E+01   -0.26990E+01
       27.73869       -7.16759    0.10000E+02      -20.00000    0.10000E+01   -0.10001E+01   -0.26990E+01
       35.24245       -2.50788    0.25000E+03      -10.00000    0.23979E+01   -0.23980E+01   -0.43979E+01
       14.73510       -4.77007    0.25000E+03      -10.00000    0.23979E+01   -0.23980E+01   -0.43979E+01
       36.38585       -6.56190    0.10000E+02      -20.00000    0.10000E+01   -0.10001E+01   -0.26990E+01
       31.43372       -7.16454    0.10000E+02      -20.00000    0.10000E+01   -0.10001E+01   -0.26990E+01
        5.14802      -13.13906    0.10000E+03      -15.00000    0.20000E+01   -0.20000E+01   -0.38239E+01
       38.75662       -6.88668    0.10000E+02      -20.00000    0.10000E+01   -0.10001E+01   -0.26990E+01
       35.10499       -7.07009    0.10000E+02      -20.00000    0.10000E+01   -0.10001E+01   -0.26990E+01
       38.98488       -4.22772    0.10000E+02      -20.00000    0.10000E+01   -0.10001E+01   -0.26990E+01
       42.84792       -1.10415    0.25000E+03      -10.00000    0.23979E+01   -0.23980E+01   -0.43979E+01
       41.17326       -7.16531    0.10000E+02      -20.00000    0.10000E+01   -0.10001E+01   -0.26990E+01
        1.19627      -14.23373    0.10000E+03      -15.00000    0.20000E+01   -0.20000E+01   -0.38239E+01
        5.76307       -1.35901    0.25000E+03      -10.00000    0.23979E+01   -0.23980E+01   -0.43979E+01
       21.60029      -11.44488    0.10000E+03      -15.00000    0.20000E+01   -0.20000E+01   -0.38239E+01
        9.33683       -9.81466    0.10000E+03      -15.00000    0.20000E+01   -0.20000E+01   -0.38239E+01
       44.85483       -6.79122    0.10000E+02      -20.00000    0.10000E+01   -0.10001E+01   -0.26990E+01
       41.93111      -10.97942    0.10000E+02      -20.00000    0.10000E+01   -0.10001E+01   -0.26990E+01
       29.36536       -5.39134    0.25000E+03      -10.00000    0.23979E+01   -0.23980E+01   -0.43979E+01
       43.59343       -7.39568    0.10000E+02      -20.00000    0.10000E+01   -0.10001E+01   -0.26990E+01
        5.17446       -3.58042    0.25000E+03      -10.00000    0.23979E+01   -0.23980E+01   -0.43979E+01
       36.53154      -12.59156    0.10000E+03      -15.00000    0.20000E+01   -0.20000E+01   -0.38239E+01
       26.39963       -2.28103    0.25000E+03      -10.00000    0.23979E+01   -0.23980E+01   -0.43979E+01
       20.03262      -11.55350    0.10000E+03      -15.00000    0.20000E+01   -0.20000E+01   -0.38239E+01
       43.29878      -10.33728    0.10000E+02      -20.00000    0.10000E+01   -0.10001E+01   -0.26990E+01
        0.74533       -6.96019    0.25000E+03      -10.00000    0.23979E+01   -0.23980E+01   -0.43979E+01
       19.07645       -3.86429    0.25000E+03      -10.00000    0.23979E+01   -0.23980E+01   -0.43979E+01
        7.18471       -6.89781    0.25000E+03      -10.00000    0.23979E+01   -0.23980E+01   -0.43979E+01
       21.94925       -5.33580    0.25000E+03      -10.00000    0.23979E+01   -0.23980E+01   -0.43979E+01
        7.54217       -5.67954    0.25000E+03      -10.00000    0.23979E+01   -0.23980E+01   -0.43979E+01
       12.29991       -6.88810    0.25000E+03      -10.00000    0.23979E+01   -0.23980E+01   -0.43979E+01
       13.76140       -3.20681    0.25000E+03      -10.00000    0.23979E+01   -0.23980E+01   -0.43979E+01
        1.16420      -13.28753    0.10000E+03      -15.00000    0.20000E+01   -0.20000E+01   -0.38239E+01
        8.05552       -1.19555    0.25000E+03      -10.00000    0.23979E+01   -0.23980E+01   -0.43979E+01
       39.70451       -4.33790    0.10000E+02      -20.00000    0.10000E+01   -0.10001E+01   -0.26990E+01
       15.99278       -7.28062    0.25000E+03      -10.00000    0.23979E+01   -0.23980E+01   -0.43979E+01
       45.52943       -9.72427    0.10000E+02      -20.00000    0.10000E+01   -0.10001E+01   -0.26990E+01
       24.16609       -2.82914    0.25000E+03      -10.00000    0.23979E+01   -0.23980E+01   -0.43979E+01
       21.09493       -7.13167    0.25000E+03      -10.00000    0.23979E+01   -0.23980E+01   -0.43979E+01
       38.07083      -10.44094    0.10000E+02      -20.00000    0.10000E+01   -0.10001E+01   -0.26990E+01
       26.15806       -3.36985    0.25000E+03      -10.00000    0.23979E+01   -0.23980E+01   -0.43979E+01
       26.19563       -6.82575    0.10000E+02      -20.00000    0.10000E+01   -0.10001E+01   -0.26990E+01
       28.23112       -3.81951    0.25000E+03      -10.00000    0.23979E+01   -0.23980E+01   -0.43979E+01
       43.93366       -4.69311    0.10000E+02      -20.00000    0.10000E+01   -0.10001E+01   -0.26990E+01
        3.00890       -4.85696    0.25000E+03      -10.00000    0.23979E+01   -0.23980E+01   -0.43979E+01
       29.85513       -6.87551    0.10000E+02      -20.00000    0.10000E+01   -0.10001E+01   -0.26990E+01
        5.78684       -7.08372    0.25000E+03      -10.00000    0.23979E+01   -0.23980E+01   -0.43979E+01
        0.61427      -10.87543    0.25000E+03      -10.00000    0.23979E+01   -0.23980E+01   -0.43979E+01
        3.04283       -7.73377    0.25000E+03      -10.00000    0.23979E+01   -0.23980E+01   -0.43979E+01
        4.40738       -7.41490    0.25000E+03      -10.00000    0.23979E+01   -0.23980E+01   -0.43979E+01
       36.86437       -9.52775    0.10000E+02      -20.00000    0.10000E+01   -0.10001E+01   -0.26990E+01
       20.07549       -4.51138    0.25000E+03      -10.00000    0.23979E+01   -0.23980E+01   -0.43979E+01
       33.53078       -6.82320    0.10000E+02      -20.00000    0.10000E+01   -0.10001E+01   -0.26990E+01
        7.42903       -2.82184    0.25000E+03      -10.00000    0.23979E+01   -0.23980E+01   -0.43979E+01
       10.91161       -7.26279    0.25000E+03      -10.00000    0.23979E+01   -0.23980E+01   -0.43979E+01
        9.52717       -7.59488    0.25000E+03      -10.00000    0.23979E+01   -0.23980E+01   -0.43979E+01
       12.62112       -3.47238    0.25000E+03      -10.00000    0.23979E+01   -0.23980E+01   -0.43979E+01
       37.17992       -6.67681    0.10000E+02      -20.00000    0.10000E+01   -0.10001E+01   -0.26990E+01
       14.62082       -7.64501    0.25000E+03      -10.00000    0.23979E+01   -0.23980E+01   -0.43979E+01
        8.29518       -3.53304    0.25000E+03      -10.00000    0.23979E+01   -0.23980E+01   -0.43979E+01
       45.48403       -0.26766    0.25000E+03      -10.00000    0.23979E+01   -0.23980E+01   -0.43979E+01
       19.51165       -0.31458    0.25000E+03      -10.00000    0.23979E+01   -0.23980E+01   -0.43979E+01
       22.53877       -0.29690    0.25000E+03      -10.00000    0.23979E+01   -0.23980E+01   -0.43979E+01
       24.48040       -0.30849    0.25000E+03      -10.00000    0.23979E+01   -0.23980E+01   -0.43979E+01
       25.50000       -0.28868    0.25000E+03      -10.00000    0.23979E+01   -0.23980E+01   -0.43979E+01
       26.47354       -0.25673    0.25000E+03      -10.00000    0.23979E+01   -0.23980E+01   -0.43979E+01
       21.51111       -0.31409    0.25000E+03      -10.00000    0.23979E+01   -0.23980E+01   -0.43979E+01
       28.53458       -0.31063    0.25000E+03      -10.00000    0.23979E+01   -0.23980E+01   -0.43979E+01
       17.50000       -0.28868    0.25000E+03      -10.00000    0.23979E+01   -0.23980E+01   -0.43979E+01
       16.49293       -0.29752    0.25000E+03      -10.00000    0.23979E+01   -0.23980E+01   -0.43979E+01
       23.09236       -3.18447    0.25000E+03      -10.00000    0.23979E+01   -0.23980E+01   -0.43979E+01
       30.50243       -0.26865    0.25000E+03      -10.00000    0.23979E+01   -0.23980E+01   -0.43979E+01
       38.48681       -0.28788    0.25000E+03      -10.00000    0.23979E+01   -0.23980E+01   -0.43979E+01
       11.48987       -0.28787    0.25000E+03      -10.00000    0.23979E+01   -0.23980E+01   -0.43979E+01
        2.50000       -0.28868    0.25000E+03      -10.00000    0.23979E+01   -0.23980E+01   -0.43979E+01
       31.48020       -0.29672    0.25000E+03      -10.00000    0.23979E+01   -0.23980E+01   -0.43979E+01
       39.46397       -0.29074    0.25000E+03      -10.00000    0.23979E+01   -0.23980E+01   -0.43979E+01
       40.49512       -0.27687    0.25000E+03      -10.00000    0.23979E+01   -0.23980E+01   -0.43979E+01
       37.47504       -0.27061    0.25000E+03      -10.00000    0.23979E+01   -0.23980E+01   -0.43979E+01
       10.47934       -0.27716    0.25000E+03      -10.00000    0.23979E+01   -0.23980E+01   -0.43979E+01
       32.48757       -0.30078    0.25000E+03      -10.00000    0.23979E+01   -0.23980E+01   -0.43979E+01
       36.50996       -0.23308    0.25000E+03      -10.00000    0.23979E+01   -0.23980E+01   -0.43979E+01
       43.50255       -0.33074    0.25000E+03      -10.00000    0.23979E+01   -0.23980E+01   -0.43979E+01
        4.52966       -0.32272    0.25000E+03      -10.00000    0.23979E+01   -0.23980E+01   -0.43979E+01
        9.48804       -0.27733    0.25000E+03      -10.00000    0.23979E+01   -0.23980E+01   -0.43979E+01
       33.53534       -0.34847    0.25000E+03      -10.00000    0.23979E+01   -0.23980E+01   -0.43979E+01
       13.48551       -0.27853    0.25000E+03      -10.00000    0.23979E+01   -0.23980E+01   -0.43979E+01
       35.50049       -0.30036    0.25000E+03      -10.00000    0.23979E+01   -0.23980E+01   -0.43979E+01
       34.50041       -0.22981    0.25000E+03      -10.00000    0.23979E+01   -0.23980E+01   -0.43979E+01
       14.49827       -0.27379    0.25000E+03      -10.00000    0.23979E+01   -0.23980E+01   -0.43979E+01
        7.47270       -0.32392    0.25000E+03      -10.00000    0.23979E+01   -0.23980E+01   -0.43979E+01
       15.50000       -0.28868    0.25000E+03      -10.00000    0.23979E+01   -0.23980E+01   -0.43979E+01
       39.55619       -6.98477    0.10000E+02      -20.00000    0.10000E+01   -0.10001E+01   -0.26990E+01
       21.98256       -3.52303    0.25000E+03      -10.00000    0.23979E+01   -0.23980E+01   -0.43979E+01
       19.74268       -7.51490    0.10000E+02      -20.00000    0.10000E+01   -0.10001E+01   -0.26990E+01
       16.39697      -11.21237    0.10000E+03      -15.00000    0.20000E+01   -0.20000E+01   -0.38239E+01
       18.37520       -7.89757    0.10000E+02      -20.00000    0.10000E+01   -0.10001E+01   -0.26990E+01
       42.72655       -3.31456    0.25000E+03      -10.00000    0.23979E+01   -0.23980E+01   -0.43979E+01
       38.56532       -4.82730    0.10000E+02      -20.00000    0.10000E+01   -0.10001E+01   -0.26990E+01
       41.97781       -7.24579    0.10000E+02      -20.00000    0.10000E+01   -0.10001E+01   -0.26990E+01
       24.84890       -7.26331    0.10000E+02      -20.00000    0.10000E+01   -0.10001E+01   -0.26990E+01
       23.49241       -7.68052    0.10000E+02      -20.00000    0.10000E+01   -0.10001E+01   -0.26990E+01
       15.28990      -10.11985    0.10000E+03      -15.00000    0.20000E+01   -0.20000E+01   -0.38239E+01
       28.53163       -7.32940    0.10000E+02      -20.00000    0.10000E+01   -0.10001E+01   -0.26990E+01
       45.64668       -6.84488    0.10000E+02      -20.00000    0.10000E+01   -0.10001E+01   -0.26990E+01
       44.59383      -14.43422    0.10000E+03      -15.00000    0.20000E+01   -0.20000E+01   -0.38239E+01
       32.22856       -7.30676    0.10000E+02      -20.00000    0.10000E+01   -0.10001E+01   -0.26990E+01
        3.66567      -10.26425    0.25000E+03      -10.00000    0.23979E+01   -0.23980E+01   -0.43979E+01
       41.79539       -4.27479    0.10000E+02      -20.00000    0.10000E+01   -0.10001E+01   -0.26990E+01
       35.89910       -7.18912    0.10000E+02      -20.00000    0.10000E+01   -0.10001E+01   -0.26990E+01
       11.35084      -11.64892    0.10000E+03      -15.00000    0.20000E+01   -0.20000E+01   -0.38239E+01
       29.16870       -1.16484    0.25000E+03      -10.00000    0.23979E+01   -0.23980E+01   -0.43979E+01
       42.96275       -9.53355    0.10000E+02      -20.00000    0.10000E+01   -0.10001E+01   -0.26990E+01
        1.66167       -8.03059    0.25000E+03      -10.00000    0.23979E+01   -0.23980E+01   -0.43979E+01
       40.08143       -3.79692    0.25000E+03      -10.00000    0.23979E+01   -0.23980E+01   -0.43979E+01
       40.70320       -7.80756    0.10000E+02      -20.00000    0.10000E+01   -0.10001E+01   -0.26990E+01
       44.40124       -7.45821    0.10000E+02      -20.00000    0.10000E+01   -0.10001E+01   -0.26990E+01
       42.77390      -11.08181    0.10000E+03      -15.00000    0.20000E+01   -0.20000E+01   -0.38239E+01
       40.49630       -1.84279    0.25000E+03      -10.00000    0.23979E+01   -0.23980E+01   -0.43979E+01
        7.37100       -7.65250    0.25000E+03      -10.00000    0.23979E+01   -0.23980E+01   -0.43979E+01
       42.85086      -14.40683    0.10000E+03      -15.00000    0.20000E+01   -0.20000E+01   -0.38239E+01
        5.50661      -10.36783    0.10000E+03      -15.00000    0.20000E+01   -0.20000E+01   -0.38239E+01
        2.47258       -5.37589    0.25000E+03      -10.00000    0.23979E+01   -0.23980E+01   -0.43979E+01
       19.53607       -3.30210    0.25000E+03      -10.00000    0.23979E+01   -0.23980E+01   -0.43979E+01
       12.47622       -7.74192    0.25000E+03      -10.00000    0.23979E+01   -0.23980E+01   -0.43979E+01
       31.46727      -13.34362    0.10000E+03      -15.00000    0.20000E+01   -0.20000E+01   -0.38239E+01
        3.70108       -5.06370    0.25000E+03      -10.00000    0.23979E+01   -0.23980E+01   -0.43979E+01
       16.21505       -8.07592    0.10000E+02      -20.00000    0.10000E+01   -0.10001E+01   -0.26990E+01
        6.77994       -2.68958    0.25000E+03      -10.00000    0.23979E+01   -0.23980E+01   -0.43979E+01
       38.54754       -9.73948    0.10000E+02      -20.00000    0.10000E+01   -0.10001E+01   -0.26990E+01
       43.12588       -8.06632    0.10000E+02      -20.00000    0.10000E+01   -0.10001E+01   -0.26990E+01
       39.89711       -7.71608    0.10000E+02      -20.00000    0.10000E+01   -0.10001E+01   -0.26990E+01
       21.35065       -7.91195    0.10000E+02      -20.00000    0.10000E+01   -0.10001E+01   -0.26990E+01
       45.94918      -10.50136    0.10000E+02      -20.00000    0.10000E+01   -0.10001E+01   -0.26990E+01
       14.58545       -4.05085    0.25000E+03      -10.00000    0.23979E+01   -0.23980E+01   -0.43979E+01
       11.70386       -9.73934    0.10000E+03      -15.00000    0.20000E+01   -0.20000E+01   -0.38239E+01
       26.41185       -7.61347    0.10000E+02      -20.00000    0.10000E+01   -0.10001E+01   -0.26990E+01
        4.18949       -4.53939    0.25000E+03      -10.00000    0.23979E+01   -0.23980E+01   -0.43979E+01
       40.71625       -3.89818    0.25000E+03      -10.00000    0.23979E+01   -0.23980E+01   -0.43979E+01
       24.08148      -13.15734    0.10000E+03      -15.00000    0.20000E+01   -0.20000E+01   -0.38239E+01
       16.54904       -2.13425    0.25000E+03      -10.00000    0.23979E+01   -0.23980E+01   -0.43979E+01
       30.11533       -7.63983    0.10000E+02      -20.00000    0.10000E+01   -0.10001E+01   -0.26990E+01
        1.81234       -8.86131    0.25000E+03      -10.00000    0.23979E+01   -0.23980E+01   -0.43979E+01
       32.35294       -3.16083    0.25000E+03      -10.00000    0.23979E+01   -0.23980E+01   -0.43979E+01
       38.47033      -11.30660    0.10000E+03      -15.00000    0.20000E+01   -0.20000E+01   -0.38239E+01
       12.94352       -1.16817    0.25000E+03      -10.00000    0.23979E+01   -0.23980E+01   -0.43979E+01
       33.81362       -7.58021    0.10000E+02      -20.00000    0.10000E+01   -0.10001E+01   -0.26990E+01
       37.20784      -10.33216    0.10000E+02      -20.00000    0.10000E+01   -0.10001E+01   -0.26990E+01
        2.60700       -9.13660    0.25000E+03      -10.00000    0.23979E+01   -0.23980E+01   -0.43979E+01
       21.58330      -12.49876    0.10000E+03      -15.00000    0.20000E+01   -0.20000E+01   -0.38239E+01
       37.49829       -7.42124    0.10000E+02      -20.00000    0.10000E+01   -0.10001E+01   -0.26990E+01
        7.60919       -3.42201    0.25000E+03      -10.00000    0.23979E+01   -0.23980E+01   -0.43979E+01
       20.39900       -3.85953    0.25000E+03      -10.00000    0.23979E+01   -0.23980E+01   -0.43979E+01
       15.92357      -12.85850    0.10000E+03      -15.00000    0.20000E+01   -0.20000E+01   -0.38239E+01
        2.13130      -10.58178    0.10000E+03      -15.00000    0.20000E+01   -0.20000E+01   -0.38239E+01
        8.14743       -7.89081    0.25000E+03      -10.00000    0.23979E+01   -0.23980E+01   -0.43979E+01
       45.96771       -9.00040    0.10000E+02      -20.00000    0.10000E+01   -0.10001E+01   -0.26990E+01
       14.24521       -9.04037    0.10000E+02      -20.00000    0.10000E+01   -0.10001E+01   -0.26990E+01
        0.50544       -0.29248    0.25000E+03      -10.00000    0.23979E+01   -0.23980E+01   -0.43979E+01
       13.25504       -7.98521    0.25000E+03      -10.00000    0.23979E+01   -0.23980E+01   -0.43979E+01
       16.61245      -12.13235    0.10000E+03      -15.00000    0.20000E+01   -0.20000E+01   -0.38239E+01
       17.01300       -8.28371    0.10000E+02      -20.00000    0.10000E+01   -0.10001E+01   -0.26990E+01
       22.14636       -8.09336    0.10000E+02      -20.00000    0.10000E+01   -0.10001E+01   -0.26990E+01
       15.53596      -10.98556    0.10000E+03      -15.00000    0.20000E+01   -0.20000E+01   -0.38239E+01
       27.19619       -7.78621    0.10000E+02      -20.00000    0.10000E+01   -0.10001E+01   -0.26990E+01
       13.79598      -10.41066    0.10000E+03      -15.00000    0.20000E+01   -0.20000E+01   -0.38239E+01
       30.90928       -7.78528    0.10000E+02      -20.00000    0.10000E+01   -0.10001E+01   -0.26990E+01
        0.88997       -7.75920    0.25000E+03      -10.00000    0.23979E+01   -0.23980E+01   -0.43979E+01
       34.60859       -7.70626    0.10000E+02      -20.00000    0.10000E+01   -0.10001E+01   -0.26990E+01
       13.92347       -3.85159    0.25000E+03      -10.00000    0.23979E+01   -0.23980E+01   -0.43979E+01
       28.24423       -8.73684    0.10000E+02      -20.00000    0.10000E+01   -0.10001E+01   -0.26990E+01
       38.29323       -7.52848    0.10000E+02      -20.00000    0.10000E+01   -0.10001E+01   -0.26990E+01
       42.31387       -7.98771    0.10000E+02      -20.00000    0.10000E+01   -0.10001E+01   -0.26990E+01
       31.98368       -8.71598    0.10000E+02      -20.00000    0.10000E+01   -0.10001E+01   -0.26990E+01
       27.91268      -10.19144    0.10000E+02      -20.00000    0.10000E+01   -0.10001E+01   -0.26990E+01
        5.99014       -7.93084    0.25000E+03      -10.00000    0.23979E+01   -0.23980E+01   -0.43979E+01
        3.23349       -8.55958    0.25000E+03      -10.00000    0.23979E+01   -0.23980E+01   -0.43979E+01
       35.71165       -8.60847    0.10000E+02      -20.00000    0.10000E+01   -0.10001E+01   -0.26990E+01
       11.12773       -8.08004    0.25000E+03      -10.00000    0.23979E+01   -0.23980E+01   -0.43979E+01
       23.31306       -3.82590    0.25000E+03      -10.00000    0.23979E+01   -0.23980E+01   -0.43979E+01
       20.00054       -8.32928    0.10000E+02      -20.00000    0.10000E+01   -0.10001E+01   -0.26990E+01
       14.83300       -8.45282    0.10000E+02      -20.00000    0.10000E+01   -0.10001E+01   -0.26990E+01
       25.08195       -8.05884    0.10000E+02      -20.00000    0.10000E+01   -0.10001E+01   -0.26990E+01
       31.67794      -10.19139    0.10000E+02      -20.00000    0.10000E+01   -0.10001E+01   -0.26990E+01
       28.79049       -8.10621    0.10000E+02      -20.00000    0.10000E+01   -0.10001E+01   -0.26990E+01
       32.50770       -8.07337    0.10000E+02      -20.00000    0.10000E+01   -0.10001E+01   -0.26990E+01
       36.21358       -7.95156    0.10000E+02      -20.00000    0.10000E+01   -0.10001E+01   -0.26990E+01
       20.03319       -1.18473    0.25000E+03      -10.00000    0.23979E+01   -0.23980E+01   -0.43979E+01
       21.72052       -4.65638    0.25000E+03      -10.00000    0.23979E+01   -0.23980E+01   -0.43979E+01
       44.76173       -8.19808    0.10000E+02      -20.00000    0.10000E+01   -0.10001E+01   -0.26990E+01
       43.65444       -4.02772    0.10000E+02      -20.00000    0.10000E+01   -0.10001E+01   -0.26990E+01
       35.51382      -10.06203    0.10000E+02      -20.00000    0.10000E+01   -0.10001E+01   -0.26990E+01
       43.18620      -11.91350    0.10000E+03      -15.00000    0.20000E+01   -0.20000E+01   -0.38239E+01
       42.63634      -12.75079    0.10000E+03      -15.00000    0.20000E+01   -0.20000E+01   -0.38239E+01
       44.29434       -8.89685    0.10000E+02      -20.00000    0.10000E+01   -0.10001E+01   -0.26990E+01
       25.58361       -1.51029    0.25000E+03      -10.00000    0.23979E+01   -0.23980E+01   -0.43979E+01
       44.17783      -10.40612    0.10000E+02      -20.00000    0.10000E+01   -0.10001E+01   -0.26990E+01
        4.27338       -9.65480    0.25000E+03      -10.00000    0.23979E+01   -0.23980E+01   -0.43979E+01
       45.98010       -0.55596    0.25000E+03      -10.00000    0.23979E+01   -0.23980E+01   -0.43979E+01
       37.35497       -8.84617    0.10000E+02      -20.00000    0.10000E+01   -0.10001E+01   -0.26990E+01
       27.02050       -4.19553    0.25000E+03      -10.00000    0.23979E+01   -0.23980E+01   -0.43979E+01
       24.98040       -0.59716    0.25000E+03      -10.00000    0.23979E+01   -0.23980E+01   -0.43979E+01
       25.97354       -0.54540    0.25000E+03      -10.00000    0.23979E+01   -0.23980E+01   -0.43979E+01
       22.04988       -0.61098    0.25000E+03      -10.00000    0.23979E+01   -0.23980E+01   -0.43979E+01
       16.99293       -0.58620    0.25000E+03      -10.00000    0.23979E+01   -0.23980E+01   -0.43979E+01
       15.99293       -0.58620    0.25000E+03      -10.00000    0.23979E+01   -0.23980E+01   -0.43979E+01
       30.98264       -0.56537    0.25000E+03      -10.00000    0.23979E+01   -0.23980E+01   -0.43979E+01
       38.95078       -0.57862    0.25000E+03      -10.00000    0.23979E+01   -0.23980E+01   -0.43979E+01
       37.96185       -0.55850    0.25000E+03      -10.00000    0.23979E+01   -0.23980E+01   -0.43979E+01
       39.95909       -0.56761    0.25000E+03      -10.00000    0.23979E+01   -0.23980E+01   -0.43979E+01
       10.96921       -0.56503    0.25000E+03      -10.00000    0.23979E+01   -0.23980E+01   -0.43979E+01
       31.96778       -0.59750    0.25000E+03      -10.00000    0.23979E+01   -0.23980E+01   -0.43979E+01
       36.98500       -0.50369    0.25000E+03      -10.00000    0.23979E+01   -0.23980E+01   -0.43979E+01
        9.96738       -0.55449    0.25000E+03      -10.00000    0.23979E+01   -0.23980E+01   -0.43979E+01
       33.02292       -0.64925    0.25000E+03      -10.00000    0.23979E+01   -0.23980E+01   -0.43979E+01
       36.01044       -0.53344    0.25000E+03      -10.00000    0.23979E+01   -0.23980E+01   -0.43979E+01
       34.03575       -0.57828    0.25000E+03      -10.00000    0.23979E+01   -0.23980E+01   -0.43979E+01
       35.00090       -0.53017    0.25000E+03      -10.00000    0.23979E+01   -0.23980E+01   -0.43979E+01
       13.98378       -0.55232    0.25000E+03      -10.00000    0.23979E+01   -0.23980E+01   -0.43979E+01
       14.99827       -0.56247    0.25000E+03      -10.00000    0.23979E+01   -0.23980E+01   -0.43979E+01
       35.93912       -2.99575    0.25000E+03      -10.00000    0.23979E+01   -0.23980E+01   -0.43979E+01
       44.66984       -9.67161    0.10000E+02      -20.00000    0.10000E+01   -0.10001E+01   -0.26990E+01
       36.02617       -9.40725    0.10000E+02      -20.00000    0.10000E+01   -0.10001E+01   -0.26990E+01
       32.26218       -9.49643    0.10000E+02      -20.00000    0.10000E+01   -0.10001E+01   -0.26990E+01
       28.50126       -9.50615    0.10000E+02      -20.00000    0.10000E+01   -0.10001E+01   -0.26990E+01
        2.78269       -9.99170    0.25000E+03      -10.00000    0.23979E+01   -0.23980E+01   -0.43979E+01
       14.46124       -9.87907    0.10000E+03      -15.00000    0.20000E+01   -0.20000E+01   -0.38239E+01
        2.31607      -11.48077    0.10000E+03      -15.00000    0.20000E+01   -0.20000E+01   -0.38239E+01
       17.53591      -14.89501    0.10000E+03      -15.00000    0.20000E+01   -0.20000E+01   -0.38239E+01
        6.76588       -8.17701    0.25000E+03      -10.00000    0.23979E+01   -0.23980E+01   -0.43979E+01
       20.63374       -5.58599    0.25000E+03      -10.00000    0.23979E+01   -0.23980E+01   -0.43979E+01
       11.91908       -8.31609    0.25000E+03      -10.00000    0.23979E+01   -0.23980E+01   -0.43979E+01
       15.63971       -8.67267    0.10000E+02      -20.00000    0.10000E+01   -0.10001E+01   -0.26990E+01
       20.50300       -0.28863    0.25000E+03      -10.00000    0.23979E+01   -0.23980E+01   -0.43979E+01
       20.81253       -8.53683    0.10000E+02      -20.00000    0.10000E+01   -0.10001E+01   -0.26990E+01
       16.96508      -10.53855    0.10000E+03      -15.00000    0.20000E+01   -0.20000E+01   -0.38239E+01
       33.19059       -2.24547    0.25000E+03      -10.00000    0.23979E+01   -0.23980E+01   -0.43979E+01
       25.86843       -8.24695    0.10000E+02      -20.00000    0.10000E+01   -0.10001E+01   -0.26990E+01
        4.60832      -11.52526    0.10000E+03      -15.00000    0.20000E+01   -0.20000E+01   -0.38239E+01
       42.96722       -3.95331    0.25000E+03      -10.00000    0.23979E+01   -0.23980E+01   -0.43979E+01
       15.88059       -9.50100    0.10000E+02      -20.00000    0.10000E+01   -0.10001E+01   -0.26990E+01
       29.58718       -8.26448    0.10000E+02      -20.00000    0.10000E+01   -0.10001E+01   -0.26990E+01
       41.05505       -3.43076    0.25000E+03      -10.00000    0.23979E+01   -0.23980E+01   -0.43979E+01
        0.00213       -0.58650    0.25000E+03      -10.00000    0.23979E+01   -0.23980E+01   -0.43979E+01
       33.30469       -8.21682    0.10000E+02      -20.00000    0.10000E+01   -0.10001E+01   -0.26990E+01
       38.86437       -2.45606    0.25000E+03      -10.00000    0.23979E+01   -0.23980E+01   -0.43979E+01
       43.46630       -8.82762    0.10000E+02      -20.00000    0.10000E+01   -0.10001E+01   -0.26990E+01
       37.01870       -8.06877    0.10000E+02      -20.00000    0.10000E+01   -0.10001E+01   -0.26990E+01
       22.04988       -1.20275    0.25000E+03      -10.00000    0.23979E+01   -0.23980E+01   -0.43979E+01
        1.50062       -0.27690    0.25000E+03      -10.00000    0.23979E+01   -0.23980E+01   -0.43979E+01
       26.09665       -9.05896    0.10000E+02      -20.00000    0.10000E+01   -0.10001E+01   -0.26990E+01
        8.89716       -5.40147    0.25000E+03      -10.00000    0.23979E+01   -0.23980E+01   -0.43979E+01
       25.00979       -3.61704    0.25000E+03      -10.00000    0.23979E+01   -0.23980E+01   -0.43979E+01
       13.45599       -8.79519    0.10000E+02      -20.00000    0.10000E+01   -0.10001E+01   -0.26990E+01
        5.78744       -4.57297    0.25000E+03      -10.00000    0.23979E+01   -0.23980E+01   -0.43979E+01
       20.01465       -0.60321    0.25000E+03      -10.00000    0.23979E+01   -0.23980E+01   -0.43979E+01
       21.01411       -0.60271    0.25000E+03      -10.00000    0.23979E+01   -0.23980E+01   -0.43979E+01
       45.57552       -8.24897    0.10000E+02      -20.00000    0.10000E+01   -0.10001E+01   -0.26990E+01
       23.24365      -12.60474    0.10000E+03      -15.00000    0.20000E+01   -0.20000E+01   -0.38239E+01
        0.40463       -9.11005    0.25000E+03      -10.00000    0.23979E+01   -0.23980E+01   -0.43979E+01
       15.20169       -1.89986    0.25000E+03      -10.00000    0.23979E+01   -0.23980E+01   -0.43979E+01
       27.44287       -8.57865    0.10000E+02      -20.00000    0.10000E+01   -0.10001E+01   -0.26990E+01
       31.18010       -8.57011    0.10000E+02      -20.00000    0.10000E+01   -0.10001E+01   -0.26990E+01
        2.00062       -0.56558    0.25000E+03      -10.00000    0.23979E+01   -0.23980E+01   -0.43979E+01
       34.90077       -8.48219    0.10000E+02      -20.00000    0.10000E+01   -0.10001E+01   -0.26990E+01
       38.01939       -1.92159    0.25000E+03      -10.00000    0.23979E+01   -0.23980E+01   -0.43979E+01
       27.71788      -13.32870    0.10000E+03      -15.00000    0.20000E+01   -0.20000E+01   -0.38239E+01
       26.88674       -9.21793    0.10000E+02      -20.00000    0.10000E+01   -0.10001E+01   -0.26990E+01
        5.07148       -0.59312    0.25000E+03      -10.00000    0.23979E+01   -0.23980E+01   -0.43979E+01
        5.54182       -0.27040    0.25000E+03      -10.00000    0.23979E+01   -0.23980E+01   -0.43979E+01
        8.98804       -0.54506    0.25000E+03      -10.00000    0.23979E+01   -0.23980E+01   -0.43979E+01
        7.97270       -0.59165    0.25000E+03      -10.00000    0.23979E+01   -0.23980E+01   -0.43979E+01
        4.61411       -8.22894    0.25000E+03      -10.00000    0.23979E+01   -0.23980E+01   -0.43979E+01
       26.00793       -1.12891    0.25000E+03      -10.00000    0.23979E+01   -0.23980E+01   -0.43979E+01
        9.74540       -8.41695    0.25000E+03      -10.00000    0.23979E+01   -0.23980E+01   -0.43979E+01
       11.96522       -0.58760    0.25000E+03      -10.00000    0.23979E+01   -0.23980E+01   -0.43979E+01
       12.96086       -0.57826    0.25000E+03      -10.00000    0.23979E+01   -0.23980E+01   -0.43979E+01
       15.00709      -12.54425    0.10000E+03      -15.00000    0.20000E+01   -0.20000E+01   -0.38239E+01
        1.00606       -0.56938    0.25000E+03      -10.00000    0.23979E+01   -0.23980E+01   -0.43979E+01
       44.14328      -11.96883    0.10000E+03      -15.00000    0.20000E+01   -0.20000E+01   -0.38239E+01
       40.19311       -2.73356    0.25000E+03      -10.00000    0.23979E+01   -0.23980E+01   -0.43979E+01
       18.61113       -8.68380    0.10000E+02      -20.00000    0.10000E+01   -0.10001E+01   -0.26990E+01
        8.50000       -0.26773    0.25000E+03      -10.00000    0.23979E+01   -0.23980E+01   -0.43979E+01
       23.70855       -8.47447    0.10000E+02      -20.00000    0.10000E+01   -0.10001E+01   -0.26990E+01
       26.30915       -4.03864    0.25000E+03      -10.00000    0.23979E+01   -0.23980E+01   -0.43979E+01
       13.92365      -11.25717    0.10000E+03      -15.00000    0.20000E+01   -0.20000E+01   -0.38239E+01
       45.52179      -11.24858    0.10000E+03      -15.00000    0.20000E+01   -0.20000E+01   -0.38239E+01
        4.42208      -12.53369    0.10000E+03      -15.00000    0.20000E+01   -0.20000E+01   -0.38239E+01
       35.84398      -10.87744    0.10000E+02      -20.00000    0.10000E+01   -0.10001E+01   -0.26990E+01
       19.66379       -9.76111    0.10000E+02      -20.00000    0.10000E+01   -0.10001E+01   -0.26990E+01
       44.61003      -11.20599    0.10000E+03      -15.00000    0.20000E+01   -0.20000E+01   -0.38239E+01
       42.07809       -3.20631    0.25000E+03      -10.00000    0.23979E+01   -0.23980E+01   -0.43979E+01
       22.36888      -13.08039    0.10000E+03      -15.00000    0.20000E+01   -0.20000E+01   -0.38239E+01
       39.33788       -9.84296    0.10000E+02      -20.00000    0.10000E+01   -0.10001E+01   -0.26990E+01
       36.69980      -11.02708    0.10000E+03      -15.00000    0.20000E+01   -0.20000E+01   -0.38239E+01
       44.99631       -0.49752    0.25000E+03      -10.00000    0.23979E+01   -0.23980E+01   -0.43979E+01
       44.01482       -0.56061    0.25000E+03      -10.00000    0.23979E+01   -0.23980E+01   -0.43979E+01
       43.14008      -13.54606    0.10000E+03      -15.00000    0.20000E+01   -0.20000E+01   -0.38239E+01
       12.47535       -0.29973    0.25000E+03      -10.00000    0.23979E+01   -0.23980E+01   -0.43979E+01
        4.01689       -8.80522    0.25000E+03      -10.00000    0.23979E+01   -0.23980E+01   -0.43979E+01
       14.83497      -11.59128    0.10000E+03      -15.00000    0.20000E+01   -0.20000E+01   -0.38239E+01
       12.78783       -4.11845    0.25000E+03      -10.00000    0.23979E+01   -0.23980E+01   -0.43979E+01
       14.20729      -13.15294    0.10000E+03      -15.00000    0.20000E+01   -0.20000E+01   -0.38239E+01
        5.39000       -8.46466    0.25000E+03      -10.00000    0.23979E+01   -0.23980E+01   -0.43979E+01
        6.15828       -0.97892    0.25000E+03      -10.00000    0.23979E+01   -0.23980E+01   -0.43979E+01
       10.56120       -8.67346    0.25000E+03      -10.00000    0.23979E+01   -0.23980E+01   -0.43979E+01
       23.82468       -6.38405    0.25000E+03      -10.00000    0.23979E+01   -0.23980E+01   -0.43979E+01
        1.94679      -12.91758    0.10000E+03      -15.00000    0.20000E+01   -0.20000E+01   -0.38239E+01
       19.43586       -8.91638    0.10000E+02      -20.00000    0.10000E+01   -0.10001E+01   -0.26990E+01
       11.69131       -5.32423    0.25000E+03      -10.00000    0.23979E+01   -0.23980E+01   -0.43979E+01
       24.50516       -8.68867    0.10000E+02      -20.00000    0.10000E+01   -0.10001E+01   -0.26990E+01
       16.99293       -1.16831    0.25000E+03      -10.00000    0.23979E+01   -0.23980E+01   -0.43979E+01
        0.27548       -8.28573    0.25000E+03      -10.00000    0.23979E+01   -0.23980E+01   -0.43979E+01
       40.85600      -10.04090    0.10000E+02      -20.00000    0.10000E+01   -0.10001E+01   -0.26990E+01
       31.36452       -1.53488    0.25000E+03      -10.00000    0.23979E+01   -0.23980E+01   -0.43979E+01
       13.43543       -4.31834    0.25000E+03      -10.00000    0.23979E+01   -0.23980E+01   -0.43979E+01
       34.02248      -12.77985    0.10000E+03      -15.00000    0.20000E+01   -0.20000E+01   -0.38239E+01
       15.45170       -1.40946    0.25000E+03      -10.00000    0.23979E+01   -0.23980E+01   -0.43979E+01
       33.02292       -1.22900    0.25000E+03      -10.00000    0.23979E+01   -0.23980E+01   -0.43979E+01
       29.06600       -0.58895    0.25000E+03      -10.00000    0.23979E+01   -0.23980E+01   -0.43979E+01
       30.03386       -0.54697    0.25000E+03      -10.00000    0.23979E+01   -0.23980E+01   -0.43979E+01
       41.63923      -12.60187    0.10000E+03      -15.00000    0.20000E+01   -0.20000E+01   -0.38239E+01
       13.04310      -10.06694    0.10000E+03      -15.00000    0.20000E+01   -0.20000E+01   -0.38239E+01
       39.37305       -2.02951    0.25000E+03      -10.00000    0.23979E+01   -0.23980E+01   -0.43979E+01
       30.86418      -10.04510    0.10000E+02      -20.00000    0.10000E+01   -0.10001E+01   -0.26990E+01
       27.09953      -10.06140    0.10000E+02      -20.00000    0.10000E+01   -0.10001E+01   -0.26990E+01
       23.20543       -0.91479    0.25000E+03      -10.00000    0.23979E+01   -0.23980E+01   -0.43979E+01
       23.81373       -0.92638    0.25000E+03      -10.00000    0.23979E+01   -0.23980E+01   -0.43979E+01
       22.88874       -4.32805    0.25000E+03      -10.00000    0.23979E+01   -0.23980E+01   -0.43979E+01
       22.60188       -2.01898    0.25000E+03      -10.00000    0.23979E+01   -0.23980E+01   -0.43979E+01
       41.83718       -8.65740    0.10000E+02      -20.00000    0.10000E+01   -0.10001E+01   -0.26990E+01
       25.74136       -2.13506    0.25000E+03      -10.00000    0.23979E+01   -0.23980E+01   -0.43979E+01
       34.68870       -9.90007    0.10000E+02      -20.00000    0.10000E+01   -0.10001E+01   -0.26990E+01
       45.63284      -12.79804    0.10000E+03      -15.00000    0.20000E+01   -0.20000E+01   -0.38239E+01
        7.03005      -10.42504    0.10000E+03      -15.00000    0.20000E+01   -0.20000E+01   -0.38239E+01
       44.51227       -0.22987    0.25000E+03      -10.00000    0.23979E+01   -0.23980E+01   -0.43979E+01
       41.03106       -8.55773    0.10000E+02      -20.00000    0.10000E+01   -0.10001E+01   -0.26990E+01
       22.18934       -4.17089    0.25000E+03      -10.00000    0.23979E+01   -0.23980E+01   -0.43979E+01
       43.00927       -0.56761    0.25000E+03      -10.00000    0.23979E+01   -0.23980E+01   -0.43979E+01
       23.95411       -3.92054    0.25000E+03      -10.00000    0.23979E+01   -0.23980E+01   -0.43979E+01
        6.26574       -4.36340    0.25000E+03      -10.00000    0.23979E+01   -0.23980E+01   -0.43979E+01
       38.08747      -12.85153    0.10000E+03      -15.00000    0.20000E+01   -0.20000E+01   -0.38239E+01
       17.25183       -9.07235    0.10000E+02      -20.00000    0.10000E+01   -0.10001E+01   -0.26990E+01
       42.14564       -9.44194    0.10000E+02      -20.00000    0.10000E+01   -0.10001E+01   -0.26990E+01
       42.03245       -0.55390    0.25000E+03      -10.00000    0.23979E+01   -0.23980E+01   -0.43979E+01
       38.63382       -8.27896    0.10000E+02      -20.00000    0.10000E+01   -0.10001E+01   -0.26990E+01
       33.58907       -8.97969    0.10000E+02      -20.00000    0.10000E+01   -0.10001E+01   -0.26990E+01
       29.84588       -9.04409    0.10000E+02      -20.00000    0.10000E+01   -0.10001E+01   -0.26990E+01
       41.34631      -11.66218    0.10000E+03      -15.00000    0.20000E+01   -0.20000E+01   -0.38239E+01
        3.82229      -11.09807    0.10000E+03      -15.00000    0.20000E+01   -0.20000E+01   -0.38239E+01
       31.83234       -3.27664    0.25000E+03      -10.00000    0.23979E+01   -0.23980E+01   -0.43979E+01
       35.42541       -3.11996    0.25000E+03      -10.00000    0.23979E+01   -0.23980E+01   -0.43979E+01
        6.97270       -0.53503    0.25000E+03      -10.00000    0.23979E+01   -0.23980E+01   -0.43979E+01
       34.39018       -9.11901    0.10000E+02      -20.00000    0.10000E+01   -0.10001E+01   -0.26990E+01
       14.13191       -2.18682    0.25000E+03      -10.00000    0.23979E+01   -0.23980E+01   -0.43979E+01
       24.37513       -3.44232    0.25000E+03      -10.00000    0.23979E+01   -0.23980E+01   -0.43979E+01
       30.64485       -9.20427    0.10000E+02      -20.00000    0.10000E+01   -0.10001E+01   -0.26990E+01
       10.70404       -4.55413    0.25000E+03      -10.00000    0.23979E+01   -0.23980E+01   -0.43979E+01
       23.03877       -0.48149    0.25000E+03      -10.00000    0.23979E+01   -0.23980E+01   -0.43979E+01
       23.98040       -0.49308    0.25000E+03      -10.00000    0.23979E+01   -0.23980E+01   -0.43979E+01
       39.43813       -8.36847    0.10000E+02      -20.00000    0.10000E+01   -0.10001E+01   -0.26990E+01
        1.60209       -1.97727    0.25000E+03      -10.00000    0.23979E+01   -0.23980E+01   -0.43979E+01
        0.84701      -11.72152    0.10000E+03      -15.00000    0.20000E+01   -0.20000E+01   -0.38239E+01
        2.21125      -14.83620    0.10000E+03      -15.00000    0.20000E+01   -0.20000E+01   -0.38239E+01
       17.57897       -1.90032    0.25000E+03      -10.00000    0.23979E+01   -0.23980E+01   -0.43979E+01
       40.99288       -1.10043    0.25000E+03      -10.00000    0.23979E+01   -0.23980E+01   -0.43979E+01
       22.50124      -10.17710    0.10000E+02      -20.00000    0.10000E+01   -0.10001E+01   -0.26990E+01
       41.81653       -2.59899    0.25000E+03      -10.00000    0.23979E+01   -0.23980E+01   -0.43979E+01
       33.07059       -9.61668    0.10000E+02      -20.00000    0.10000E+01   -0.10001E+01   -0.26990E+01
       29.30622       -9.65512    0.10000E+02      -20.00000    0.10000E+01   -0.10001E+01   -0.26990E+01
       23.28667       -9.82380    0.10000E+02      -20.00000    0.10000E+01   -0.10001E+01   -0.26990E+01
        6.84060       -5.39737    0.25000E+03      -10.00000    0.23979E+01   -0.23980E+01   -0.43979E+01
        1.02594       -1.15376    0.25000E+03      -10.00000    0.23979E+01   -0.23980E+01   -0.43979E+01
       11.41951      -12.69534    0.10000E+03      -15.00000    0.20000E+01   -0.20000E+01   -0.38239E+01
        5.26849       -4.23836    0.25000E+03      -10.00000    0.23979E+01   -0.23980E+01   -0.43979E+01
       38.17515       -8.94912    0.10000E+02      -20.00000    0.10000E+01   -0.10001E+01   -0.26990E+01
        9.14022       -8.95830    0.25000E+03      -10.00000    0.23979E+01   -0.23980E+01   -0.43979E+01
       16.69476       -9.69289    0.10000E+03      -15.00000    0.20000E+01   -0.20000E+01   -0.38239E+01
       30.94151       -1.15595    0.25000E+03      -10.00000    0.23979E+01   -0.23980E+01   -0.43979E+01
       10.70159       -2.86595    0.25000E+03      -10.00000    0.23979E+01   -0.23980E+01   -0.43979E+01
       29.53142       -0.27832    0.25000E+03      -10.00000    0.23979E+01   -0.23980E+01   -0.43979E+01
       17.96786      -11.63375    0.10000E+03      -15.00000    0.20000E+01   -0.20000E+01   -0.38239E+01
       37.91821      -11.97127    0.10000E+03      -15.00000    0.20000E+01   -0.20000E+01   -0.38239E+01
       39.94118       -1.12055    0.25000E+03      -10.00000    0.23979E+01   -0.23980E+01   -0.43979E+01
       37.15992      -13.27942    0.10000E+03      -15.00000    0.20000E+01   -0.20000E+01   -0.38239E+01
       39.63583      -10.60318    0.10000E+02      -20.00000    0.10000E+01   -0.10001E+01   -0.26990E+01
       18.05095       -9.26908    0.10000E+02      -20.00000    0.10000E+01   -0.10001E+01   -0.26990E+01
       23.15827       -9.01977    0.10000E+02      -20.00000    0.10000E+01   -0.10001E+01   -0.26990E+01
        9.37989       -1.89083    0.25000E+03      -10.00000    0.23979E+01   -0.23980E+01   -0.43979E+01
       18.68884      -11.86167    0.10000E+03      -15.00000    0.20000E+01   -0.20000E+01   -0.38239E+01
       11.36546       -1.43167    0.25000E+03      -10.00000    0.23979E+01   -0.23980E+01   -0.43979E+01
       21.60172       -2.23267    0.25000E+03      -10.00000    0.23979E+01   -0.23980E+01   -0.43979E+01
       36.85629       -2.19824    0.25000E+03      -10.00000    0.23979E+01   -0.23980E+01   -0.43979E+01
        8.32262       -8.67011    0.25000E+03      -10.00000    0.23979E+01   -0.23980E+01   -0.43979E+01
       34.43449      -11.33698    0.10000E+03      -15.00000    0.20000E+01   -0.20000E+01   -0.38239E+01
        6.04182       -0.48151    0.25000E+03      -10.00000    0.23979E+01   -0.23980E+01   -0.43979E+01
       40.36711      -10.70333    0.10000E+02      -20.00000    0.10000E+01   -0.10001E+01   -0.26990E+01
       20.55903       -4.90233    0.25000E+03      -10.00000    0.23979E+01   -0.23980E+01   -0.43979E+01
       29.85852       -1.87514    0.25000E+03      -10.00000    0.23979E+01   -0.23980E+01   -0.43979E+01
       39.76980       -9.14212    0.10000E+02      -20.00000    0.10000E+01   -0.10001E+01   -0.26990E+01
       18.84779      -12.78994    0.10000E+03      -15.00000    0.20000E+01   -0.20000E+01   -0.38239E+01
       42.20444       -1.09045    0.25000E+03      -10.00000    0.23979E+01   -0.23980E+01   -0.43979E+01
       19.26205      -11.22163    0.10000E+03      -15.00000    0.20000E+01   -0.20000E+01   -0.38239E+01
       17.75296      -10.73424    0.10000E+03      -15.00000    0.20000E+01   -0.20000E+01   -0.38239E+01
       42.50672       -0.23687    0.25000E+03      -10.00000    0.23979E+01   -0.23980E+01   -0.43979E+01
       25.71693      -11.22884    0.10000E+03      -15.00000    0.20000E+01   -0.20000E+01   -0.38239E+01
       10.90917       -3.47638    0.25000E+03      -10.00000    0.23979E+01   -0.23980E+01   -0.43979E+01
       22.99846       -1.30845    0.25000E+03      -10.00000    0.23979E+01   -0.23980E+01   -0.43979E+01
       30.07265       -1.05469    0.25000E+03      -10.00000    0.23979E+01   -0.23980E+01   -0.43979E+01
       45.98017      -11.97595    0.10000E+03      -15.00000    0.20000E+01   -0.20000E+01   -0.38239E+01
       22.39421       -8.82105    0.10000E+02      -20.00000    0.10000E+01   -0.10001E+01   -0.26990E+01
       11.04968       -1.89051    0.25000E+03      -10.00000    0.23979E+01   -0.23980E+01   -0.43979E+01
       12.16103       -9.05435    0.10000E+02      -20.00000    0.10000E+01   -0.10001E+01   -0.26990E+01
        7.15880       -3.84374    0.25000E+03      -10.00000    0.23979E+01   -0.23980E+01   -0.43979E+01
       21.37719       -3.39720    0.25000E+03      -10.00000    0.23979E+01   -0.23980E+01   -0.43979E+01
        1.98634       -1.10733    0.25000E+03      -10.00000    0.23979E+01   -0.23980E+01   -0.43979E+01
       18.39368      -14.35699    0.10000E+03      -15.00000    0.20000E+01   -0.20000E+01   -0.38239E+01
       13.99783       -1.09825    0.25000E+03      -10.00000    0.23979E+01   -0.23980E+01   -0.43979E+01
       33.81386      -11.92019    0.10000E+03      -15.00000    0.20000E+01   -0.20000E+01   -0.38239E+01
        7.78514       -9.96610    0.10000E+03      -15.00000    0.20000E+01   -0.20000E+01   -0.38239E+01
       20.13749      -12.45105    0.10000E+03      -15.00000    0.20000E+01   -0.20000E+01   -0.38239E+01
        8.48834       -4.13546    0.25000E+03      -10.00000    0.23979E+01   -0.23980E+01   -0.43979E+01
       18.34468      -13.43033    0.10000E+03      -15.00000    0.20000E+01   -0.20000E+01   -0.38239E+01
       43.74100      -14.96193    0.10000E+03      -15.00000    0.20000E+01   -0.20000E+01   -0.38239E+01
       21.20413       -2.73941    0.25000E+03      -10.00000    0.23979E+01   -0.23980E+01   -0.43979E+01
        3.12408      -11.72450    0.10000E+03      -15.00000    0.20000E+01   -0.20000E+01   -0.38239E+01
       19.06986      -10.34477    0.10000E+03      -15.00000    0.20000E+01   -0.20000E+01   -0.38239E+01
       10.44426       -3.92976    0.25000E+03      -10.00000    0.23979E+01   -0.23980E+01   -0.43979E+01
       41.68658       -3.62058    0.25000E+03      -10.00000    0.23979E+01   -0.23980E+01   -0.43979E+01
        7.67643       -9.17249    0.25000E+03      -10.00000    0.23979E+01   -0.23980E+01   -0.43979E+01
       35.29848      -11.52980    0.10000E+03      -15.00000    0.20000E+01   -0.20000E+01   -0.38239E+01
        6.50000       -0.21111    0.25000E+03      -10.00000    0.23979E+01   -0.23980E+01   -0.43979E+01
       11.55243       -3.67938    0.25000E+03      -10.00000    0.23979E+01   -0.23980E+01   -0.43979E+01
       18.28175      -10.08531    0.10000E+03      -15.00000    0.20000E+01   -0.20000E+01   -0.38239E+01
       19.52588      -13.04744    0.10000E+03      -15.00000    0.20000E+01   -0.20000E+01   -0.38239E+01
       40.55664       -9.23990    0.10000E+02      -20.00000    0.10000E+01   -0.10001E+01   -0.26990E+01
        5.02866       -9.76724    0.25000E+03      -10.00000    0.23979E+01   -0.23980E+01   -0.43979E+01
        1.73057      -12.02469    0.10000E+03      -15.00000    0.20000E+01   -0.20000E+01   -0.38239E+01
        1.50622       -1.40303    0.25000E+03      -10.00000    0.23979E+01   -0.23980E+01   -0.43979E+01
       12.91913       -9.29016    0.10000E+02      -20.00000    0.10000E+01   -0.10001E+01   -0.26990E+01
       22.49846       -1.46692    0.25000E+03      -10.00000    0.23979E+01   -0.23980E+01   -0.43979E+01
       37.01068      -11.80052    0.10000E+03      -15.00000    0.20000E+01   -0.20000E+01   -0.38239E+01
        6.51914       -3.78673    0.25000E+03      -10.00000    0.23979E+01   -0.23980E+01   -0.43979E+01
       11.35324       -4.68842    0.25000E+03      -10.00000    0.23979E+01   -0.23980E+01   -0.43979E+01
       17.91579       -1.20879    0.25000E+03      -10.00000    0.23979E+01   -0.23980E+01   -0.43979E+01
        6.89612       -8.91769    0.25000E+03      -10.00000    0.23979E+01   -0.23980E+01   -0.43979E+01
       23.50000       -0.18459    0.25000E+03      -10.00000    0.23979E+01   -0.23980E+01   -0.43979E+01
       28.21465      -10.84756    0.10000E+03      -15.00000    0.20000E+01   -0.20000E+01   -0.38239E+01
       31.96615      -10.90279    0.10000E+02      -20.00000    0.10000E+01   -0.10001E+01   -0.26990E+01
       14.50642       -1.31484    0.25000E+03      -10.00000    0.23979E+01   -0.23980E+01   -0.43979E+01
       29.67292       -1.36194    0.25000E+03      -10.00000    0.23979E+01   -0.23980E+01   -0.43979E+01
       37.91794       -1.06961    0.25000E+03      -10.00000    0.23979E+01   -0.23980E+01   -0.43979E+01
       38.32569       -1.42389    0.25000E+03      -10.00000    0.23979E+01   -0.23980E+01   -0.43979E+01
       41.34382       -1.50462    0.25000E+03      -10.00000    0.23979E+01   -0.23980E+01   -0.43979E+01
       27.86558      -11.57126    0.10000E+03      -15.00000    0.20000E+01   -0.20000E+01   -0.38239E+01
       39.24499      -11.36535    0.10000E+03      -15.00000    0.20000E+01   -0.20000E+01   -0.38239E+01
        4.78078       -4.70964    0.25000E+03      -10.00000    0.23979E+01   -0.23980E+01   -0.43979E+01
       11.73671       -4.26705    0.25000E+03      -10.00000    0.23979E+01   -0.23980E+01   -0.43979E+01
       45.98010       -1.06388    0.25000E+03      -10.00000    0.23979E+01   -0.23980E+01   -0.43979E+01
       31.60593      -11.63054    0.10000E+03      -15.00000    0.20000E+01   -0.20000E+01   -0.38239E+01
        7.27505       -4.41290    0.25000E+03      -10.00000    0.23979E+01   -0.23980E+01   -0.43979E+01
       21.11028       -4.48521    0.25000E+03      -10.00000    0.23979E+01   -0.23980E+01   -0.43979E+01
       17.39547      -12.35803    0.10000E+03      -15.00000    0.20000E+01   -0.20000E+01   -0.38239E+01
       20.82969      -12.92843    0.10000E+03      -15.00000    0.20000E+01   -0.20000E+01   -0.38239E+01
       20.97372       -3.87389    0.25000E+03      -10.00000    0.23979E+01   -0.23980E+01   -0.43979E+01
       10.95074       -1.06673    0.25000E+03      -10.00000    0.23979E+01   -0.23980E+01   -0.43979E+01
       25.82566      -10.48498    0.10000E+02      -20.00000    0.10000E+01   -0.10001E+01   -0.26990E+01
        9.00761       -1.05169    0.25000E+03      -10.00000    0.23979E+01   -0.23980E+01   -0.43979E+01
       14.59147       -1.82012    0.25000E+03      -10.00000    0.23979E+01   -0.23980E+01   -0.43979E+01
       30.25016      -10.56895    0.10000E+02      -20.00000    0.10000E+01   -0.10001E+01   -0.26990E+01
       34.15488      -10.52266    0.10000E+02      -20.00000    0.10000E+01   -0.10001E+01   -0.26990E+01
        6.27844       -9.36025    0.25000E+03      -10.00000    0.23979E+01   -0.23980E+01   -0.43979E+01
       14.99237       -1.05758    0.25000E+03      -10.00000    0.23979E+01   -0.23980E+01   -0.43979E+01
       17.41579       -1.38897    0.25000E+03      -10.00000    0.23979E+01   -0.23980E+01   -0.43979E+01
       40.56519      -11.48847    0.10000E+03      -15.00000    0.20000E+01   -0.20000E+01   -0.38239E+01
       40.03244       -2.18794    0.25000E+03      -10.00000    0.23979E+01   -0.23980E+01   -0.43979E+01
       12.33694       -4.49982    0.25000E+03      -10.00000    0.23979E+01   -0.23980E+01   -0.43979E+01
       41.02694       -1.97092    0.25000E+03      -10.00000    0.23979E+01   -0.23980E+01   -0.43979E+01
        6.30366      -10.07398    0.10000E+03      -15.00000    0.20000E+01   -0.20000E+01   -0.38239E+01
       32.81768      -10.96973    0.10000E+02      -20.00000    0.10000E+01   -0.10001E+01   -0.26990E+01
        6.75829       -4.75587    0.25000E+03      -10.00000    0.23979E+01   -0.23980E+01   -0.43979E+01
        5.54805       -9.15338    0.25000E+03      -10.00000    0.23979E+01   -0.23980E+01   -0.43979E+01
       33.33787      -10.37860    0.10000E+02      -20.00000    0.10000E+01   -0.10001E+01   -0.26990E+01
       26.58567      -10.57866    0.10000E+02      -20.00000    0.10000E+01   -0.10001E+01   -0.26990E+01
       29.49116      -10.33915    0.10000E+02      -20.00000    0.10000E+01   -0.10001E+01   -0.26990E+01
       17.61333      -13.22635    0.10000E+03      -15.00000    0.20000E+01   -0.20000E+01   -0.38239E+01
        8.60239       -1.37826    0.25000E+03      -10.00000    0.23979E+01   -0.23980E+01   -0.43979E+01
       33.01405      -11.69700    0.10000E+03      -15.00000    0.20000E+01   -0.20000E+01   -0.38239E+01
       28.98818      -10.84631    0.10000E+02      -20.00000    0.10000E+01   -0.10001E+01   -0.26990E+01
        9.44882       -1.34080    0.25000E+03      -10.00000    0.23979E+01   -0.23980E+01   -0.43979E+01
       29.26593      -11.48128    0.10000E+03      -15.00000    0.20000E+01   -0.20000E+01   -0.38239E+01
       30.50010       -1.36695    0.25000E+03      -10.00000    0.23979E+01   -0.23980E+01   -0.43979E+01
       30.38135       -1.88983    0.25000E+03      -10.00000    0.23979E+01   -0.23980E+01   -0.43979E+01
