       -1.68806      -17.58755       -2.95812
       16.00827      -17.93302       -1.26491
       14.77194      -17.86800       -1.23491
        6.57735      -17.71899       -1.96875
        5.38552      -17.77203       -1.98466
       42.64170      -18.03765       -1.56610
       31.70182      -18.11943       -1.03701
       18.39725      -18.08437       -1.07838
       28.24789      -18.32403       -1.04459
       40.52276      -17.55570       -1.65441
       33.89237      -17.50949       -1.34307
       20.56329      -17.55462       -1.36321
       27.39246      -17.57668       -1.03208
       12.25759      -17.62920       -1.45498
       36.19700      -15.87444       -1.21459
        9.80300      -15.87444       -1.50955
       45.64664      -15.89279       -2.03171
        0.31013      -15.81838       -2.72779
       23.00000      -15.87386       -1.08591
       43.73968      -15.99119       -1.61387
       41.78314      -15.95855       -1.41245
       39.95964      -15.81238       -1.49918
       24.88400      -15.87386       -1.07497
       38.08300      -15.87444       -1.29160
       21.12541      -15.81203       -1.19149
       34.34601      -15.78399       -1.31613
       26.76741      -15.79509       -1.20095
       47.51935      -15.78024       -2.64945
       19.30380      -15.95834       -1.04689
       28.65300      -15.87415       -1.09598
       17.31094      -15.99967       -1.06508
       32.49711      -15.95896       -1.02128
       30.57036      -15.97999       -0.96733
       11.68150      -15.79391       -1.56685
       13.55994      -15.93465       -1.29021
        7.86132      -15.97537       -1.49167
       46.92243      -17.48703       -2.42943
       15.44617      -15.87722       -1.30215
        2.12752      -16.02038       -2.13273
        4.15482      -16.02841       -1.78598
        6.02771      -15.85753       -1.79723
       44.86182      -18.01321       -1.82501
       -1.46271      -15.80717       -2.99295
       48.16012      -17.46868       -2.70176
       35.98558      -18.21886       -1.21870
       38.40365      -18.23708       -1.17477
       22.68007      -18.23436       -0.94036
       11.01531      -17.56899       -1.40403
       39.33729      -17.47159       -1.55990
       21.74749      -17.47014       -1.22448
       35.07759      -17.42498       -1.35444
       26.13613      -17.57639       -1.07189
       -0.61800      -17.42416       -3.06479
       44.70232      -16.55397       -2.10857
       42.72481      -16.61974       -1.67672
       23.94200      -16.41773       -1.15947
       37.14000      -16.41888       -1.34649
       22.06741      -16.35589       -1.20971
       35.28901      -16.32843       -1.40249
       40.83077      -16.44093       -1.69864
       39.01664      -16.35682       -1.49891
       46.59599      -16.34303       -2.68730
       10.73850      -16.33835       -1.61226
       25.82541      -16.33895       -1.19985
        8.80432      -16.51981       -1.56517
       20.25521      -16.44036       -1.21824
       33.47512      -16.41295       -1.26658
        1.12166      -16.50876       -2.73321
       27.70974      -16.33924       -1.22833
       18.32541      -16.62801       -0.95943
       31.58547      -16.60895       -1.05332
       29.62736      -16.52414       -1.09077
       12.60944      -16.39855       -1.44768
       16.35311      -16.54690       -1.23389
       14.48811      -16.48187       -1.32056
       48.46235      -16.32469       -3.07951
       -0.58257      -16.29555       -3.19915
        6.91503      -16.50290       -1.87647
        3.08034      -16.71879       -2.11180
        5.09452      -16.55594       -2.05878
       37.14000      -17.66676       -1.32961
       23.94200      -17.66397       -1.18182
        8.72412      -17.94894       -1.44825
       -2.28130      -16.45894       -3.08771
       29.53954      -17.73659       -1.24002
        0.45757      -17.63737       -2.81353
        2.98486       -1.36597        2.18811
       25.66381       -4.56328        1.64037
       27.46753       -0.38339        3.47438
       48.78463      -12.42541       -2.33054
       21.00453       -1.27815        2.55717
       25.78736       -5.29532        1.02232
        2.46400       -1.53808        1.76397
        3.50658       -0.36964        3.34945
       26.64213       -1.22363        2.40488
       36.22946       -1.06919        2.29701
       11.85928       -1.22970        2.23085
       18.50000       -0.40193        3.47004
       35.83332       -1.45867        2.15143
       26.87608       -1.75098        2.25297
       45.39216       -1.32652        0.32332
       33.96142       -1.67745        1.91983
       21.14924       -9.42429       -0.14994
       24.50274       -1.65238        2.20950
       33.45936       -1.68550        1.74744
       33.12256       -4.03613        1.43993
       36.72609       -3.89877        1.21203
       12.35208       -1.53175        2.04603
       43.90480       -1.61635        2.34067
       23.95352       -1.44756        2.18830
       20.56519      -10.06147       -0.05237
       16.12691      -14.01084       -0.85550
       -2.04757       -1.21655        0.39163
       45.46626       -1.86548        0.74982
       -0.41348      -12.45596       -2.36154
       13.20936      -12.68510       -0.85226
       10.89537       -9.59450       -0.28182
       42.42756       -4.49927        0.44298
       20.51196       -1.54559        1.93634
       40.88601       -5.05949        0.64951
        5.07704       -5.41618        0.38666
        6.99770       -1.55640        2.16636
       42.64061       -5.19221        0.22237
       32.91185       -3.35831        1.81398
       18.96392       -5.14672        1.43511
        4.70364       -5.99606        0.13739
       41.16660       -4.47288        0.31154
       36.51175       -3.23521        1.78200
       31.29694       -2.26242        1.73420
       20.61697      -14.06285       -0.86136
        7.63073       -1.66289        1.91050
        0.41033      -12.50573       -2.24349
        9.22315       -4.26913        0.91462
       44.70772      -12.83352       -1.58170
       43.16866       -1.60195        1.65470
       21.24389      -14.73201       -0.77343
       19.40384       -4.54231        1.35724
       36.21543       -4.47945        1.48411
       48.16702      -13.19157       -2.45802
        9.44717       -4.90999        0.83394
       10.27618      -10.19434       -0.32300
       30.75519       -2.40636        1.69618
       26.94108       -0.64012        2.61117
       28.00211       -0.69402        2.88855
       13.09785      -11.74230       -0.63748
        3.00658       -0.65831        2.15591
        4.03624       -0.69235        2.27807
       40.95445      -14.24936       -1.11197
       17.03367      -14.15301       -0.92117
        2.88711      -13.27334       -1.96692
       48.22798       -9.79838       -2.14636
       32.60644       -4.61107        1.47695
       24.74441       -9.62657       -0.13138
       19.01165       -0.71651        2.46124
       18.00000       -0.69060        2.69178
       44.25439      -13.57345       -1.68658
        5.38903      -11.16923       -1.08204
       -2.54733       -1.42109       -0.45286
       32.41302       -1.52811        2.07938
       -0.92506       -4.77981       -1.08547
       38.83358       -1.20352        2.29119
       12.34100       -5.18607        0.62672
       12.89167       -5.52956        1.01174
       12.37227      -13.20952       -0.88940
        8.53044       -2.41646        1.54209
       12.51638      -14.25452       -1.12826
       24.03985       -5.08797        1.39093
       36.54155       -5.22508        0.48462
       30.69881      -11.84711       -0.44908
        4.70387       -1.58651        1.71123
       23.05630      -14.77722       -0.84086
       -0.45614       -2.18744       -0.03645
        9.50284       -3.14363        1.27090
       10.40208       -1.33570        1.80125
       22.74266       -5.52843        1.27274
       -0.70506      -14.19662       -2.46971
       48.58259       -9.05716       -2.34855
       39.32885       -1.46858        1.91433
       28.73576       -1.55670        1.99565
       31.37329       -5.08878        1.16995
       26.47694      -11.32252       -0.85947
       23.21334       -5.00617        1.07160
       47.37931       -1.46170       -0.27439
       26.99961      -11.82076       -0.50661
       31.89322       -1.24509        2.38720
       15.37182      -14.75284       -0.98455
       48.39228       -4.96304       -1.59723
       34.89227       -2.19539        1.60976
       41.90786      -14.77490       -1.43104
       30.08084      -11.34675       -0.68763
       21.50152       -1.58129        1.97065
       44.25628       -1.11155        1.95187
       -0.93228      -13.20065       -2.65042
       46.91968       -1.20266        0.68588
       27.92336       -5.07399        1.33055
       -0.95046       -2.54116       -0.69448
       35.67516      -12.47048       -0.66801
       22.24219      -14.17922       -0.80245
       41.20589       -2.48344        1.14126
       40.05874       -5.02578        0.16805
        3.47890      -12.62419       -1.66313
        3.91897       -5.81383        0.24221
        3.40741       -6.37173       -0.25676
       41.02085       -0.59390        2.35302
       38.97186      -13.25626       -0.90174
       14.17290       -5.29566        1.08364
       31.82520       -4.48295        1.17724
       19.58755       -1.58241        1.83851
        2.46792       -2.70328        1.42644
       17.48344       -2.92235        1.54756
       18.55387       -1.88825        1.95182
       39.65123       -5.62221        0.45664
       24.35630       -4.50448        1.31946
       44.96067       -2.31547        0.66392
       41.52573       -0.31704        3.26135
       36.12294       -2.03522        1.79241
       48.02076       -5.60889       -1.38584
       18.07897       -1.72013        1.73507
       19.26396       -5.91930        0.94770
       34.20448       -1.14999        2.21031
       19.77618      -14.12282       -1.02573
        6.18707      -11.71728       -1.20312
       35.01978      -13.13731       -0.70003
       -0.88068       -5.57767       -0.91917
       25.54942       -9.80876       -0.14957
        5.68765       -5.34489        0.20572
       -2.47342       -5.06536       -1.31098
       37.31681       -1.31747        1.83674
       26.59519       -5.48129        1.20608
       -2.22157       -9.71807       -1.98940
       32.52534       -2.13578        1.78469
       10.47693       -5.73568        0.67686
        7.89147      -11.71579       -0.91324
       15.95054       -1.21187        2.27695
       34.83629       -1.10188        2.57291
       25.03714       -4.30000        1.23060
        9.99895       -2.67776        1.57613
       10.22437       -5.05043        0.76959
       36.06663       -5.83194        0.64653
       34.36914       -2.33010        1.68406
       28.09427       -5.81824        0.56843
       11.63353      -14.79818       -1.21032
       40.83591       -2.90094        1.42206
        7.85320       -2.32418        1.65619
       24.07620      -10.21640       -0.15564
       19.06901       -1.40281        2.29322
        2.22716       -2.10055        1.13826
        8.81911      -13.20462       -1.10065
       25.91106      -13.18962       -0.56301
        3.11950      -14.24577       -1.79762
       28.91847       -2.16920        1.73144
        7.90273      -12.69550       -1.07723
        7.03104      -11.26693       -1.01498
       25.02962       -1.23527        2.55857
       39.83993      -12.76211       -0.94587
       39.01132      -14.28891       -1.09133
        9.74057       -3.78520        1.07778
       10.43015       -1.80525        1.54054
       44.90443       -1.04846        2.06665
       43.45949       -5.31165       -0.01002
       13.48222       -1.41437        1.94426
       -1.54955       -1.55539        0.01595
       14.28271       -6.07321        0.66779
       23.43282       -1.71733        1.60551
        4.84666       -2.22236        1.64563
       -1.57608      -14.79910       -2.76634
       -2.28531       -5.83215       -1.14871
       45.21957       -2.94482        0.24216
       20.74182      -10.97701       -0.35231
        4.11025      -14.73957       -1.86726
       15.40273       -2.42698        1.68264
       30.49219       -3.00032        1.73968
       -2.86136      -10.28058       -2.19475
       35.11636       -1.49463        1.68082
       16.97843       -3.43361        1.35421
       18.15718       -5.00641        1.14237
       31.66183       -5.81589        0.46901
        1.97611       -3.22666        0.67058
       31.47351      -14.30536       -0.87966
       25.85446      -14.26875       -0.81068
       35.19929      -14.18867       -0.80794
        8.83425      -14.25475       -1.28538
       12.19209      -11.22030       -0.63320
        0.01822       -1.18863        0.79212
       13.53125       -1.99766        1.76994
        9.86774       -2.13091        1.42256
        4.36771       -2.68634        1.20838
       21.93522       -9.52710       -0.18341
       17.25461       -2.30860        1.67953
       17.66118       -5.57630        1.21020
        9.62327      -11.68331       -0.78041
       25.04286      -11.62270       -0.34300
       34.09753       -2.92241        1.79307
       43.75190       -6.01726       -0.22021
       37.74546       -2.88872        1.60685
       16.68003       -4.64972        1.28615
        1.60728       -4.40770        0.04010
       29.53702       -2.29054        1.66524
        1.17009       -2.36446        0.81569
       30.34146       -4.24227        1.53601
       33.93008       -4.18071        1.54770
       16.45054       -1.50531        1.98913
       37.52185       -4.04042        1.47956
       -2.99648       -3.00315       -0.86234
       45.92841       -2.99142       -0.51094
       45.81598       -4.19336       -0.73542
       46.21599       -3.59454       -0.60557
       14.36867      -14.20918       -1.05341
       37.99082       -3.47944        1.19158
       33.25323      -13.31534       -0.86299
       29.59303      -13.24622       -0.59185
       34.39586       -3.59556        1.45858
       30.80454       -3.66695        1.52553
       -0.92992      -10.75289       -2.22187
       18.17684       -3.06822        1.45094
        0.78909       -3.47387        0.15064
       32.33470      -12.89015       -0.82632
        3.16395       -2.90731        1.15301
       17.19249       -4.11719        1.27380
       44.22999       -2.24351        1.24841
        9.69784      -12.68034       -1.03296
       25.02379      -12.63099       -0.46820
       46.14502       -4.85672       -0.77538
        1.19168       -5.65800       -0.57942
       37.80392       -4.72823        0.61972
       23.24166       -2.13299        1.53964
       34.20194       -4.88047        0.86537
       18.67205       -2.55866        1.67800
       29.79686       -2.89920        1.59045
       30.60851       -4.94939        0.93466
        4.10565       -1.36495        2.02512
       15.77221       -3.75463        1.29599
       14.91506       -2.92446        1.33635
       16.27808       -3.25998        1.38965
       -1.46036       -4.40731       -1.14888
        2.14876       -3.91829        0.70948
       16.89537       -5.38141        0.98623
       41.28948       -5.74497        0.11660
       16.35066       -5.93709        1.05991
        3.67354       -2.43543        1.67595
       27.60684       -1.83765        2.15215
       29.38611       -3.43176        1.69627
        9.92414       -6.27685        0.53173
        1.75969       -5.14185        0.09494
        1.30335       -3.01111        0.91756
       24.02081      -14.23098       -0.80279
       -2.53964       -2.48879       -0.27468
        6.98753      -13.20805       -1.26901
       -2.85410       -3.67223       -0.73985
       27.80908       -2.50687        1.78781
       40.87524      -13.23967       -1.02679
       -1.09760      -11.52978       -2.38927
       30.11242       -5.53292        1.01083
        9.12158       -6.08308        0.51432
       39.82279      -11.95061       -1.15576
       20.33810       -2.16786        1.66831
       33.72987       -5.47654        0.92275
       -2.90430       -6.40729       -1.68184
        8.10341       -5.21874        0.65386
       -1.51892       -6.09813       -1.40518
       37.33427       -5.33220        0.80256
       15.42151       -4.99186        1.17651
       10.45728      -11.15520       -0.63764
       24.14854      -11.14794       -0.33489
        6.24826       -5.77681        0.42867
        2.08814       -6.68048       -0.66273
       28.48554       -2.64592        1.70046
       44.78961       -3.50099        0.10743
       11.29467       -5.87519        0.78298
       42.12941       -5.82654        0.23871
       42.81894       -2.17009        1.76326
        8.73328      -11.22788       -0.83905
       43.78796       -2.81987        1.16216
        8.54391       -6.60241        0.28037
       12.99906       -2.39556        1.54412
        0.09599       -2.49228        0.08590
       13.67913       -6.62811        0.74700
       20.06434       -6.12185        1.21133
       45.73271       -5.49160       -0.95351
       25.32421       -2.56372        1.66487
       17.34701       -6.90970        0.79365
       25.18464       -5.88383        1.14712
       27.33386       -3.00719        1.68853
       22.44393       -6.75870        0.74502
       47.31312       -3.06543       -1.00293
       27.52766       -6.40095        0.71981
       31.16051       -6.41616        0.54074
       34.80448       -6.32638        0.46739
       28.65418      -12.78572       -0.57592
       46.36403       -2.43069       -0.46473
        6.13229      -12.67868       -1.28649
       38.43518       -6.15662        0.30220
       39.10808       -3.04304        1.26125
       12.26501      -10.39145       -0.52757
       18.69796       -6.54047        0.94866
       28.10059       -1.36420        2.49221
        0.92037       -4.17882        0.20308
       40.81953       -6.43206        0.10948
       27.71648      -14.29796       -0.83947
       22.25348       -2.40619        1.68226
        6.98101      -14.25886       -1.42404
       33.33155      -14.27757       -0.90485
       29.59346      -14.30421       -0.85382
        0.16214       -3.20405        0.20644
       43.26762       -6.66539       -0.34301
       16.07752       -2.57437        1.65931
       35.27937       -5.71545        0.31852
       26.83195      -12.76659       -0.58636
       10.67043      -14.25648       -1.23286
       46.85045       -6.22884       -1.54026
        0.54141       -1.47899        0.93833
       15.96010       -4.46078        1.15376
        5.93400       -1.94155        1.76409
        1.33950       -6.43199       -0.50793
       48.75254      -10.62752       -2.21776
       18.38319       -3.74129        1.32087
       44.67673       -4.75882       -0.29229
       15.08398       -3.56649        1.28261
       14.25446       -2.76404        1.44285
        7.75825       -6.38160        0.30754
       15.59672       -5.73648        0.83515
       29.61837       -4.10820        1.31331
       30.52958      -12.80150       -0.57592
        0.35658       -4.65212       -0.55984
       12.92577       -6.33691        0.63118
        3.55427       -1.74989        1.67363
       36.87068       -1.03944        2.40369
       33.42103       -2.82973        1.55468
       28.65320      -14.81297       -0.93060
       32.30414      -12.13147       -0.97107
       16.56156       -6.70390        0.54479
       45.53683      -14.80229       -2.11608
       32.41925      -14.81413       -0.98651
       36.17299      -14.72523       -0.90977
       13.51485      -14.78634       -1.11189
        6.04365      -14.79241       -1.65473
        0.30102      -14.72753       -2.49708
       39.95860      -14.80445       -1.25812
        9.78289      -14.78831       -1.30189
       24.90652      -14.78376       -0.85370
       19.14710      -14.79198       -0.92568
        3.36085       -3.64592        0.99898
       -0.29071       -4.36426       -0.55488
       37.06215       -2.78615        1.43354
       24.63958       -2.35606        1.88007
        5.66756       -3.08975        1.38072
       28.69334       -3.29983        1.58493
       21.64029       -6.57365        0.46858
        4.51794       -3.35736        1.12162
       26.65517       -2.86802        1.65294
       26.76893       -6.23185        0.47712
       38.20338       -2.38996        1.50360
        9.90859       -1.11133        2.09398
       32.94188       -5.35171        0.66659
        8.85484       -1.93789        1.57020
       30.37587       -6.27258        0.30613
       45.09844       -4.14641       -0.12035
       34.02525       -6.20553        0.18119
       -2.53204      -14.26109       -2.75051
       17.90191       -6.33778        0.67873
        8.79227       -3.02515        1.40060
       47.24746       -5.57455       -1.43858
       -2.06841       -4.51931       -1.15865
       37.65342       -6.05398        0.01469
        5.06590      -14.20198       -1.45989
        6.75583       -1.03243        2.10895
       42.17088       -2.11649        1.33883
       44.08867       -3.44800        0.41618
       43.11305       -2.76084        0.88195
       40.00855       -6.34301       -0.12346
        5.17627       -1.18432        2.28925
       38.87743       -5.53391        0.09845
       46.92139       -3.63033       -0.75803
       29.13835       -4.67374        1.36574
        0.58969       -2.11544        1.06293
       15.02012       -6.29224        0.90990
       44.98196       -5.44065       -0.41759
       42.46402       -6.59411       -0.19281
       37.35561       -1.83244        1.57793
       22.43386      -11.02539       -0.23652
       26.77394      -14.81499       -0.91549
       48.37245       -2.54817       -0.72494
        7.91136      -14.79644       -1.47370
       34.28029      -14.79344       -0.96927
       30.53625      -14.82123       -0.97535
       12.35858       -2.17585        1.85557
       13.53522       -5.04320        0.85048
       46.07390       -6.18517       -0.97676
       20.18698       -3.32826        1.33410
       48.00374       -3.09121       -0.64759
       38.69245       -3.56766        1.51472
       48.41941       -6.30248       -1.91022
       35.43335       -4.36940        1.14689
        5.48999       -2.40271        1.37067
       35.12886       -3.66619        1.73181
       28.44388       -4.51698        1.12919
       34.97221       -4.99853        1.14527
       31.52350       -3.76826        1.68335
       23.01077       -6.22596        0.58648
        2.65321       -6.14053       -0.07212
        6.32044       -3.23275        1.12037
       32.44919       -5.95070        0.73731
       11.83101       -2.60148        1.45632
       39.77743       -3.16212        1.57018
       -0.12745       -5.90715       -1.12378
       48.41236      -14.22994       -2.39420
       19.33801       -2.66953        1.51883
       17.90384       -4.27900        1.31844
       46.44714      -14.30938       -1.96787
       32.19688       -2.52257        1.34422
        7.91860       -4.59359        0.69057
       -0.91435       -3.26309       -0.56949
       -2.72075      -11.24102       -2.29647
       -2.76071       -7.19534       -1.65634
       35.75616       -2.38367        1.20190
       -0.00542       -6.69619       -1.07007
       -1.37921       -6.94535       -1.51716
       24.38309       -5.76832        0.80839
        1.16980       -9.41424       -1.71767
       11.18990       -2.40435        1.66747
        2.83749       -4.13352        0.43553
       37.11172      -14.20969       -0.88892
        6.37629       -6.57519        0.27518
        6.57108       -2.08543        1.51708
       38.07872      -14.81446       -1.13942
        2.26566       -7.48007       -0.61575
       11.52665       -6.64501        0.57638
        4.97996       -6.80349        0.17651
        3.61951       -7.16538       -0.23209
       27.18299       -4.90614        1.10732
       44.53130       -6.08056       -0.56296
       13.10666       -3.02750        1.36192
       15.20527       -7.06956        0.41044
       10.12685       -7.03413        0.29520
       21.41371       -5.84829        1.13513
        8.74680       -7.35692        0.07773
       41.63888      -10.14328       -0.86135
       19.73838       -2.17872        1.56409
       23.52437       -2.66592        1.56160
       -2.76362       -1.92478       -0.53689
       11.98595       -3.26607        1.20976
       41.87711       -1.53464        1.99935
       20.29895       -6.94216        0.38324
       40.44923       -1.33633        1.66738
        4.02067       -3.84506        0.67090
       13.83208       -7.42259        0.26154
       47.25958       -4.26843       -1.27945
       25.48537       -3.21153        1.48719
       22.46127       -3.03875        1.42994
       25.41916       -6.66369        0.35556
       18.94208       -7.31576        0.30122
        8.62794      -10.32009       -0.61239
       17.57618       -7.69421        0.18556
       27.54810       -3.66592        1.45559
        1.31306      -10.27961       -1.64129
       10.60051      -13.19864       -1.00095
       28.84180       -5.97883        0.82821
       29.06812       -6.72334        0.20093
        0.47548       -5.39715       -0.43070
       24.05597       -7.09918        0.19436
       22.69428       -7.49813        0.09624
       28.63421      -11.97411       -0.77327
       31.67627       -2.63838        1.35098
       20.58864       -2.68484        1.51711
       23.29164      -11.60363       -0.43279
       32.74271       -6.69320        0.05250
       27.73869       -7.16759        0.10277
       35.24245       -2.50788        1.21635
       14.73510       -4.77007        0.98702
       36.38585       -6.56190       -0.05457
       31.43372       -7.16454       -0.04649
       -2.60401      -13.21887       -2.63242
        5.14802      -13.13906       -1.38424
       38.75662       -6.88668       -0.21491
       35.10499       -7.07009       -0.13800
       38.98488       -4.22772        0.70077
       42.84792       -1.10415        2.12154
       41.17326       -7.16531       -0.27360
        1.19627      -14.23373       -2.16401
        5.76307       -1.35901        1.79375
       21.60029      -11.44488       -0.32311
        9.33683       -9.81466       -0.53872
       44.85483       -6.79122       -0.68249
       41.93111      -10.97942       -1.05607
       47.99534       -4.30114       -0.95590
       29.36536       -5.39134        0.71701
       43.59343       -7.39568       -0.53719
       47.22024       -6.93221       -1.59960
        5.17446       -3.58042        0.95624
       -0.35387       -3.62114       -0.64608
       36.53154      -12.59156       -0.90330
       26.39963       -2.28103        1.73777
       20.03262      -11.55350       -0.58003
       43.29878      -10.33728       -1.06277
        0.74533       -6.96019       -1.17665
       48.24570      -11.45360       -2.38338
       19.07645       -3.86429        1.34565
       46.84367      -10.54601       -2.03558
        7.18471       -6.89781        0.07798
       21.94925       -5.33580        0.92222
        7.54217       -5.67954        0.40886
       12.29991       -6.88810        0.70149
       -1.38650       -3.63371       -1.08767
       13.76140       -3.20681        1.23275
        1.16420      -13.28753       -2.37580
        8.05552       -1.19555        2.28207
       39.70451       -4.33790        1.12822
       15.99278       -7.28062        0.62920
       45.52943       -9.72427       -1.51917
       24.16609       -2.82914        1.65108
       -2.00201       -7.46742       -1.89843
       21.09493       -7.13167        0.65711
       38.07083      -10.44094       -0.52892
       26.15806       -3.36985        1.64277
       -0.61895       -7.21393       -1.66390
       26.19563       -6.82575        0.57525
       28.23112       -3.81951        1.60349
       43.93366       -4.69311        0.07922
        3.00890       -4.85696        0.47330
       29.85513       -6.87551        0.38482
       46.88322       -4.89599       -1.22775
       47.27554       -9.80761       -1.89855
        5.78684       -7.08372        0.04407
        0.61427      -10.87543       -2.02938
        3.04283       -7.73377       -0.77725
        4.40738       -7.41490       -0.38296
       36.86437       -9.52775       -0.32799
       20.07549       -4.51138        1.07573
       47.46246       -2.01175       -0.41326
       33.53078       -6.82320        0.28269
        7.42903       -2.82184        1.24448
       10.91161       -7.26279        0.38245
        9.52717       -7.59488        0.13400
       48.54297       -0.30444       -0.02709
       -2.49643       -0.28525        0.14296
       12.62112       -3.47238        1.12963
       -1.50727       -0.29620        0.93639
       47.48762       -0.29480        0.62815
       37.17992       -6.67681        0.19942
       -0.50331       -0.29402        2.10100
       46.49607       -0.28830        1.72502
       14.62082       -7.64501        0.46489
        8.29518       -3.53304        1.03430
       45.48403       -0.26766        2.14616
       19.51165       -0.31458        3.45309
       22.53877       -0.29690        3.38488
       24.48040       -0.30849        3.48845
       25.50000       -0.28868        3.40575
       26.47354       -0.25673        3.39222
       21.51111       -0.31409        3.42767
       28.53458       -0.31063        3.43271
       17.50000       -0.28868        3.30857
       16.49293       -0.29752        3.28158
       23.09236       -3.18447        1.44956
       30.50243       -0.26865        3.33379
       38.48681       -0.28788        3.11912
       11.48987       -0.28787        3.25428
        2.50000       -0.28868        2.97967
       31.48020       -0.29672        3.20709
       39.46397       -0.29074        3.14482
       40.49512       -0.27687        3.19588
       37.47504       -0.27061        3.03886
       10.47934       -0.27716        3.17974
       32.48757       -0.30078        3.31944
       36.50996       -0.23308        2.90181
       43.50255       -0.33074        3.14975
        4.52966       -0.32272        3.14593
        9.48804       -0.27733        3.21521
       33.53534       -0.34847        3.25778
       13.48551       -0.27853        3.26618
       35.50049       -0.30036        3.09522
       34.50041       -0.22981        2.96635
       14.49827       -0.27379        3.20677
        7.47270       -0.32392        3.28667
       15.50000       -0.28868        3.31208
       39.55619       -6.98477        0.00573
       21.98256       -3.52303        1.38698
       19.74268       -7.51490        0.54024
       16.39697      -11.21237       -0.52562
       18.37520       -7.89757        0.41977
       42.72655       -3.31456        1.09381
       38.56532       -4.82730        0.93656
       41.97781       -7.24579       -0.27003
       24.84890       -7.26331        0.42387
       23.49241       -7.68052        0.31435
       47.04334       -2.46892       -0.11949
       15.28990      -10.11985       -0.27268
       28.53163       -7.32940        0.29285
       45.64668       -6.84488       -1.14984
       44.59383      -14.43422       -1.95964
       32.22856       -7.30676        0.13602
       48.34777       -3.68882       -1.14433
       48.01590       -6.97151       -1.78929
        3.66567      -10.26425       -1.24069
       41.79539       -4.27479        0.43716
       35.89910       -7.18912        0.10092
       11.35084      -11.64892       -0.62059
       29.16870       -1.16484        2.40839
       42.96275       -9.53355       -0.86380
        1.66167       -8.03059       -1.20798
       40.08143       -3.79692        0.73503
       40.70320       -7.80756       -0.29640
       -1.52053       -2.21503        0.03823
       44.40124       -7.45821       -0.80106
       42.77390      -11.08181       -1.07408
       40.49630       -1.84279        1.41261
        7.37100       -7.65250       -0.13185
       42.85086      -14.40683       -1.57430
        5.50661      -10.36783       -1.15007
        2.47258       -5.37589       -0.11199
       19.53607       -3.30210        1.41599
       12.47622       -7.74192        0.09461
       31.46727      -13.34362       -0.80064
        3.70108       -5.06370        0.19567
       16.21505       -8.07592        0.08826
        6.77994       -2.68958        1.41018
       38.54754       -9.73948       -0.52951
       43.12588       -8.06632       -0.62696
       39.89711       -7.71608       -0.34792
       47.28928      -11.36287       -2.08306
       21.35065       -7.91195        0.07358
       45.94918      -10.50136       -1.65457
       14.58545       -4.05085        1.15101
       11.70386       -9.73934       -0.45072
       26.41185       -7.61347       -0.00253
        4.18949       -4.53939        0.65141
       40.71625       -3.89818        0.91826
       24.08148      -13.15734       -0.61317
       16.54904       -2.13425        1.83750
       30.11533       -7.63983       -0.11206
        1.81234       -8.86131       -1.14426
       32.35294       -3.16083        1.08640
       38.47033      -11.30660       -0.66389
       12.94352       -1.16817        2.39321
       33.81362       -7.58021       -0.21028
       37.20784      -10.33216       -0.55050
        2.60700       -9.13660       -1.25040
       21.58330      -12.49876       -0.59374
       37.49829       -7.42124       -0.25267
        7.60919       -3.42201        1.06137
       20.39900       -3.85953        1.11924
       15.92357      -12.85850       -0.81365
       48.41035       -7.67304       -2.15250
        2.13130      -10.58178       -1.71440
        8.14743       -7.89081       -0.12175
       45.96771       -9.00040       -1.43777
       14.24521       -9.04037       -0.01683
        0.50544       -0.29248        2.53686
       13.25504       -7.98521        0.24215
       16.61245      -12.13235       -0.79102
       17.01300       -8.28371        0.28373
       22.14636       -8.09336        0.25589
       15.53596      -10.98556       -0.62330
       27.19619       -7.78621        0.19852
       13.79598      -10.41066       -0.43811
       30.90928       -7.78528        0.03852
        0.88997       -7.75920       -1.09038
       34.60859       -7.70626       -0.01168
       13.92347       -3.85159        1.12067
       28.24423       -8.73684       -0.08642
       38.29323       -7.52848       -0.09264
       42.31387       -7.98771       -0.50508
       31.98368       -8.71598       -0.17730
       27.91268      -10.19144       -0.27878
       -1.84501       -8.27200       -1.87387
       46.80389       -7.60643       -1.76690
        5.99014       -7.93084       -0.32242
       46.00688       -7.56277       -1.21803
        3.23349       -8.55958       -0.77519
       35.71165       -8.60847       -0.17549
       11.12773       -8.08004        0.01261
       23.31306       -3.82590        1.35148
       20.00054       -8.32928        0.01944
       14.83300       -8.45282       -0.03350
       25.08195       -8.05884       -0.04581
       31.67794      -10.19139       -0.32531
       28.79049       -8.10621       -0.16068
       32.50770       -8.07337       -0.25556
       36.21358       -7.95156       -0.27574
       20.03319       -1.18473        2.16879
       21.72052       -4.65638        1.38292
       44.76173       -8.19808       -0.95909
       43.65444       -4.02772        0.39940
       35.51382      -10.06203       -0.44817
       43.18620      -11.91350       -1.28696
       42.63634      -12.75079       -1.11680
       48.03059       -0.59924        0.14519
       -2.00370       -0.58145        0.19404
       44.29434       -8.89685       -1.02357
       46.98369       -0.58310        0.42679
       -1.01058       -0.59022        0.71936
       25.58361       -1.51029        2.01761
       44.17783      -10.40612       -1.22861
        4.27338       -9.65480       -0.89451
       45.98010       -0.55596        0.25492
       37.35497       -8.84617       -0.37439
       27.02050       -4.19553        1.64821
       24.98040       -0.59716        2.46148
       25.97354       -0.54540        2.45701
       22.04988       -0.61098        2.53635
       16.99293       -0.58620        2.40643
       15.99293       -0.58620        2.42710
       30.98264       -0.56537        2.40035
       38.95078       -0.57862        2.16875
       37.96185       -0.55850        2.40613
       39.95909       -0.56761        2.37658
       10.96921       -0.56503        2.38344
       31.96778       -0.59750        2.52238
       36.98500       -0.50369        2.16310
        9.96738       -0.55449        2.30468
       33.02292       -0.64925        2.55684
       36.01044       -0.53344        2.37500
       34.03575       -0.57828        2.62890
       35.00090       -0.53017        2.34060
       13.98378       -0.55232        2.41919
       14.99827       -0.56247        2.38743
       35.93912       -2.99575        1.15916
       44.66984       -9.67161       -1.19715
       36.02617       -9.40725       -0.39978
       32.26218       -9.49643       -0.44900
       28.50126       -9.50615       -0.41166
        2.78269       -9.99170       -1.22810
       14.46124       -9.87907       -0.43606
        2.31607      -11.48077       -1.64868
       17.53591      -14.89501       -1.19118
        6.76588       -8.17701       -0.40363
       20.63374       -5.58599        0.95368
       11.91908       -8.31609        0.07025
       15.63971       -8.67267        0.15694
       20.50300       -0.28863        3.35458
       20.81253       -8.53683        0.19915
       16.96508      -10.53855       -0.50095
       33.19059       -2.24547        1.46282
       25.86843       -8.24695        0.11347
        4.60832      -11.52526       -1.40406
       42.96722       -3.95331        0.29628
       15.88059       -9.50100       -0.29922
       29.58718       -8.26448       -0.04833
       41.05505       -3.43076        0.55751
        0.00213       -0.58650        0.73416
       33.30469       -8.21682       -0.13125
       38.86437       -2.45606        1.73864
       43.46630       -8.82762       -0.83288
       37.01870       -8.06877       -0.12732
       22.04988       -1.20275        2.31132
        1.50062       -0.27690        3.09000
       26.09665       -9.05896       -0.29744
        8.89716       -5.40147        0.61213
       25.00979       -3.61704        1.34517
       13.45599       -8.79519       -0.21206
        5.78744       -4.57297        0.49390
       20.01465       -0.60321        2.44937
       21.01411       -0.60271        2.38336
       45.57552       -8.24897       -1.34987
       23.24365      -12.60474       -0.54503
        0.40463       -9.11005       -1.62276
       15.20169       -1.89986        1.61391
       27.44287       -8.57865       -0.21313
       31.18010       -8.57011       -0.27793
        2.00062       -0.56558        2.13947
       34.90077       -8.48219       -0.32268
       38.01939       -1.92159        1.42720
       27.71788      -13.32870       -0.74311
       26.88674       -9.21793       -0.16520
       -0.12431      -10.48925       -2.04238
        5.07148       -0.59312        2.29472
       47.48031      -14.83709       -2.66703
        5.54182       -0.27040        3.21744
       -1.93962      -11.76316       -2.51140
        8.98804       -0.54506        2.32613
        7.97270       -0.59165        2.35917
        4.61411       -8.22894       -0.49982
       26.00793       -1.12891        2.35381
        9.74540       -8.41695       -0.13796
       11.96522       -0.58760        2.37945
       12.96086       -0.57826        2.36435
       -0.48270       -8.00446       -1.60513
       15.00709      -12.54425       -0.73666
        1.00606       -0.56938        2.03454
       44.14328      -11.96883       -1.42349
       40.19311       -2.73356        1.21584
       18.61113       -8.68380       -0.11970
        8.50000       -0.26773        3.11735
       23.70855       -8.47447       -0.11615
       26.30915       -4.03864        1.39387
       13.92365      -11.25717       -0.69897
       45.52179      -11.24858       -1.72141
        4.42208      -12.53369       -1.55592
       35.84398      -10.87744       -0.60951
       19.66379       -9.76111       -0.29793
       44.61003      -11.20599       -1.43220
       42.07809       -3.20631        0.76495
       22.36888      -13.08039       -0.65892
       39.33788       -9.84296       -0.62558
       36.69980      -11.02708       -0.59957
       44.99631       -0.49752        1.86964
       44.01482       -0.56061        2.68604
       43.14008      -13.54606       -1.55569
       12.47535       -0.29973        3.24092
        4.01689       -8.80522       -0.93616
       -2.46385       -8.80268       -2.18854
       14.83497      -11.59128       -0.58282
       12.78783       -4.11845        0.97261
       -1.08597       -8.54046       -2.06817
       14.20729      -13.15294       -0.85123
        5.39000       -8.46466       -0.63678
        6.15828       -0.97892        1.98199
       10.56120       -8.67346       -0.08220
       23.82468       -6.38405        0.78468
        1.94679      -12.91758       -2.20922
       46.40416      -13.41314       -2.27810
       19.43586       -8.91638        0.10715
       11.69131       -5.32423        0.68373
       24.50516       -8.68867        0.06821
       16.99293       -1.16831        2.37226
        0.27548       -8.28573       -1.70354
       -0.48563       -1.52023       -0.11786
       40.85600      -10.04090       -0.80318
       31.36452       -1.53488        1.85198
       13.43543       -4.31834        0.99018
       34.02248      -12.77985       -0.79849
       15.45170       -1.40946        1.80428
       46.16079       -1.93410       -0.13165
       33.02292       -1.22900        2.29065
       29.06600       -0.58895        2.43083
       30.03386       -0.54697        2.51518
       41.63923      -12.60187       -1.05581
       13.04310      -10.06694       -0.75334
       39.37305       -2.02951        1.62557
       30.86418      -10.04510       -0.42195
       27.09953      -10.06140       -0.36546
       23.20543       -0.91479        2.18668
       23.81373       -0.92638        2.20876
       22.88874       -4.32805        1.42076
       22.60188       -2.01898        1.54858
       41.83718       -8.65740       -0.55523
       25.74136       -2.13506        1.71801
       34.68870       -9.90007       -0.51050
       45.63284      -12.79804       -1.89858
        7.03005      -10.42504       -0.90325
       44.51227       -0.22987        3.08589
       41.03106       -8.55773       -0.52548
       22.18934       -4.17089        1.29630
       43.00927       -0.56761        2.22448
       23.95411       -3.92054        1.28382
        6.26574       -4.36340        0.42116
       38.08747      -12.85153       -0.97016
       17.25183       -9.07235       -0.24099
       -2.98746       -0.54909       -0.29991
       42.14564       -9.44194       -0.77869
       42.03245       -0.55390        2.27181
       38.63382       -8.27896       -0.37292
       33.58907       -8.97969       -0.42097
       47.22416       -8.33131       -1.76620
       29.84588       -9.04409       -0.35506
       41.34631      -11.66218       -1.06602
        3.82229      -11.09807       -1.37824
       31.83234       -3.27664        1.16409
       35.42541       -3.11996        1.29795
        6.97270       -0.53503        2.31982
       34.39018       -9.11901       -0.32308
       14.13191       -2.18682        1.54994
       24.37513       -3.44232        1.22074
       30.64485       -9.20427       -0.27073
       10.70404       -4.55413        0.88928
       23.03877       -0.48149        2.49879
       23.98040       -0.49308        2.46126
       39.43813       -8.36847       -0.30513
        1.60209       -1.97727        1.36732
        0.84701      -11.72152       -2.08916
       48.03496       -8.35862       -2.14600
        2.21125      -14.83620       -2.38738
       17.57897       -1.90032        1.52274
       40.99288       -1.10043        1.93789
       22.50124      -10.17710       -0.34876
       41.81653       -2.59899        1.55453
       33.07059       -9.61668       -0.39353
       29.30622       -9.65512       -0.36799
       46.81934       -9.03908       -1.85656
       23.28667       -9.82380       -0.46328
        6.84060       -5.39737        0.39568
        1.02594       -1.15376        2.09152
       11.41951      -12.69534       -0.98253
        5.26849       -4.23836        0.65541
       38.17515       -8.94912       -0.31146
        9.14022       -8.95830       -0.27888
       16.69476       -9.69289       -0.17748
       30.94151       -1.15595        2.46273
       10.70159       -2.86595        1.31756
       29.53142       -0.27832        3.29374
       17.96786      -11.63375       -0.81655
       37.91821      -11.97127       -0.77996
       39.94118       -1.12055        2.00029
       -1.00898       -1.21430        0.87185
       37.15992      -13.27942       -1.03271
       39.63583      -10.60318       -1.00372
       48.40648       -1.52482       -0.38570
       18.05095       -9.26908       -0.07880
       23.15827       -9.01977       -0.20432
        9.37989       -1.89083        1.47021
       18.68884      -11.86167       -0.70388
       11.36546       -1.43167        1.75086
       21.60172       -2.23267        1.78404
       36.85629       -2.19824        1.66806
        8.32262       -8.67011       -0.38913
       34.43449      -11.33698       -0.66999
        6.04182       -0.48151        2.11568
       40.36711      -10.70333       -0.94857
       48.10094       -2.06522       -0.54105
       20.55903       -4.90233        1.23538
       29.85852       -1.87514        1.59136
       39.76980       -9.14212       -0.54009
       18.84779      -12.78994       -1.01364
       47.19199      -12.90248       -2.32373
       42.20444       -1.09045        1.86554
       19.26205      -11.22163       -0.66184
       17.75296      -10.73424       -0.46904
       42.50672       -0.23687        3.19522
       25.71693      -11.22884       -0.86264
       10.90917       -3.47638        1.12361
       22.99846       -1.30845        1.86551
       30.07265       -1.05469        2.13677
       -1.43987       -9.94787       -2.39027
       45.98017      -11.97595       -2.05376
       22.39421       -8.82105       -0.34996
       11.04968       -1.89051        1.39339
       12.16103       -9.05435       -0.48456
        7.15880       -3.84374        0.62027
       21.37719       -3.39720        1.22219
        1.98634       -1.10733        1.75760
       18.39368      -14.35699       -1.53785
       13.99783       -1.09825        2.18849
       -2.99448       -1.04983       -0.41075
       33.81386      -11.92019       -0.75193
       -1.97183       -2.65570       -0.66373
        7.78514       -9.96610       -0.74691
       20.13749      -12.45105       -0.91462
        8.48834       -4.13546        0.97450
       18.34468      -13.43033       -1.30352
       -1.87527      -12.76091       -2.72469
       43.74100      -14.96193       -2.09345
       21.20413       -2.73941        1.57307
        3.12408      -11.72450       -1.84570
       19.06986      -10.34477       -0.31771
       10.44426       -3.92976        0.96994
       47.98629       -1.14658        0.07778
       41.68658       -3.62058        0.81590
        7.67643       -9.17249       -0.53375
       35.29848      -11.52980       -0.64046
       -1.87392       -3.35245       -0.80137
        6.50000       -0.21111        2.96217
       11.55243       -3.67938        0.92377
       -2.29935       -3.85462       -1.39412
       18.28175      -10.08531       -0.44148
       19.52588      -13.04744       -1.02334
       40.55664       -9.23990       -0.53250
        5.02866       -9.76724       -1.24132
        1.73057      -12.02469       -2.31796
        1.50622       -1.40303        1.30701
       12.91913       -9.29016       -0.39270
       46.43205       -1.41579       -0.45010
       22.49846       -1.46692        1.79129
       -0.92311       -9.30093       -2.16316
       37.01068      -11.80052       -0.92972
        6.51914       -3.78673        0.75501
       11.35324       -4.68842        0.61251
       17.91579       -1.20879        1.79833
        6.89612       -8.91769       -0.64145
       23.50000       -0.18459        3.08195
       28.21465      -10.84756       -0.74357
       46.85317      -12.04558       -2.41226
       31.96615      -10.90279       -0.67876
       14.50642       -1.31484        1.73430
       -0.19069       -9.58925       -2.26397
       29.67292       -1.36194        1.88169
       37.91794       -1.06961        1.97605
       38.32569       -1.42389        1.65556
       41.34382       -1.50462        1.33350
       27.86558      -11.57126       -0.69420
       39.24499      -11.36535       -0.97409
        4.78078       -4.70964        0.20449
       11.73671       -4.26705        0.63392
       45.98010       -1.06388       -0.05257
       31.60593      -11.63054       -0.78689
        7.27505       -4.41290        0.54237
       21.11028       -4.48521        0.88063
       17.39547      -12.35803       -0.81238
       20.82969      -12.92843       -0.89362
       20.97372       -3.87389        1.05020
       10.95074       -1.06673        2.14855
       25.82566      -10.48498       -0.82166
        9.00761       -1.05169        2.18924
       14.59147       -1.82012        1.62550
       30.25016      -10.56895       -0.62271
       34.15488      -10.52266       -0.51323
        6.27844       -9.36025       -0.99713
       14.99237       -1.05758        2.14034
       17.41579       -1.38897        1.53493
       40.56519      -11.48847       -1.16383
       40.03244       -2.18794        1.63469
       12.33694       -4.49982        0.67461
       41.02694       -1.97092        1.41792
        6.30366      -10.07398       -1.12154
       32.81768      -10.96973       -0.76749
        6.75829       -4.75587        0.33469
        5.54805       -9.15338       -1.00915
       33.33787      -10.37860       -0.59581
       26.58567      -10.57866       -0.80038
       29.49116      -10.33915       -0.79274
       17.61333      -13.22635       -1.15099
        8.60239       -1.37826        1.64839
       33.01405      -11.69700       -0.94917
       28.98818      -10.84631       -1.01119
        9.44882       -1.34080        1.59100
       29.26593      -11.48128       -1.04280
       30.50010       -1.36695        1.75077
       30.38135       -1.88983        1.54095
