        1365
   1   2   6   1   5  0.14472271E+02      0.000000      0.9920E+02
   2   2   6   4   8  0.33071257E+01      0.000000      0.9973E+02
   3   3   7   1   5  0.33024583E+01      0.000000      0.9959E+02
   4   3   7  46  50  0.26272323E-01      0.000000      0.9982E+02
   5   3   7  47  51  0.27348075E-01      0.000000      0.9982E+02
   6   8   4   1   5  0.47183761E+01      0.000000      0.9962E+02
   7  10   6   1   5  0.70303583E+01      0.000000      0.9940E+02
   8  11   7   1   5  0.26495364E+01      0.000000      0.9990E+02
   9  11   7   2   6  0.70165409E+01      0.000000      0.9920E+02
  10   7  11  47  51  0.19836303E-01      0.000000      0.9984E+02
  11  12   8   1   5  0.13779497E+01      0.000000      0.1000E+03
  12  12   8   2   6  0.26468461E+01      0.000000      0.9980E+02
  13  13   9   1   5  0.82910913E+00      0.000000      0.1001E+03
  14  13   9   2   6  0.13778404E+01      0.000000      0.1000E+03
  15  14  10   1   5  0.54400131E+00      0.000000      0.1001E+03
  16  14  10   2   6  0.82942402E+00      0.000000      0.1001E+03
  17  15  11   1   5  0.37811064E+00      0.000000      0.9991E+02
  18  15  11   2   6  0.54347847E+00      0.000000      0.9997E+02
  19  16  12   1   5  0.27466119E+00      0.000000      0.9984E+02
  20  16  12   2   6  0.37807593E+00      0.000000      0.9991E+02
  21  17  13   1   5  0.20627897E+00      0.000000      0.9979E+02
  22  17  13   2   6  0.27455439E+00      0.000000      0.9982E+02
  23  17  13  46  50  0.18249022E-02   3141.592654      0.1006E+03
  24  18  14   1   5  0.15914238E+00      0.000000      0.9977E+02
  25  18  14   2   6  0.20620215E+00      0.000000      0.9977E+02
  26  19  15   1   5  0.12545588E+00      0.000000      0.9976E+02
  27  19  15   2   6  0.15901588E+00      0.000000      0.9972E+02
  28  19  15  46  50  0.12201502E-02      0.000000      0.9904E+02
  29  19  15  47  51  0.18974978E-03   3141.592654      0.1048E+03
  30  20  16   1   5  0.10076542E+00      0.000000      0.9981E+02
  31  20  16   2   6  0.12541207E+00      0.000000      0.9976E+02
  32  21  17   1   5  0.82150507E-01      0.000000      0.9982E+02
  33  21  17   2   6  0.10067845E+00      0.000000      0.9976E+02
  34  22  18   1   5  0.67896063E-01      0.000000      0.9989E+02
  35  22  18   2   6  0.82121625E-01      0.000000      0.9984E+02
  36  23  19   1   5  0.56732361E-01      0.000000      0.9993E+02
  37  24  20   1   5  0.47869509E-01      0.000000      0.9995E+02
  38  26  22   1   5  0.34935111E-01      0.000000      0.9997E+02
  39  27  23   1   5  0.30163377E-01      0.000000      0.9999E+02
  40  27  23   2   6  0.34874623E-01      0.000000      0.9997E+02
  41  28  24   2   6  0.30096765E-01      0.000000      0.9998E+02
  42  32  28   2   6  0.17584849E-01      0.000000      0.9998E+02
  43  46  50  48  52  0.33078800E+01      0.000000      0.9975E+02
  44  46  50  47  51  0.14425140E+02      0.000000      0.9887E+02
  45  47  51   1   5  0.27331852E-01      0.000000      0.9983E+02
  46  48  52  47  51  0.14441544E+02      0.000000      0.9899E+02
  47  49  53   1   5  0.24587872E-01      0.000000      0.9982E+02
  48  53  49  46  50  0.47178674E+01      0.000000      0.9961E+02
  49  50  54  48  52  0.33100632E+01      0.000000      0.9982E+02
  50  51  55   2   6  0.22405599E-01      0.000000      0.9980E+02
  51  55  51  46  50  0.69965727E+01      0.000000      0.9892E+02
  52  51  55  49  53  0.33118486E+01      0.000000      0.9987E+02
  53  56  52  46  50  0.26482908E+01      0.000000      0.9985E+02
  54  56  52  47  51  0.69797873E+01      0.000000      0.9868E+02
  55  57  53  46  50  0.13781986E+01      0.000000      0.1000E+03
  56  57  53  47  51  0.26487838E+01      0.000000      0.9987E+02
  57  58  54  46  50  0.82879123E+00      0.000000      0.1000E+03
  58  58  54  47  51  0.13779104E+01      0.000000      0.1000E+03
  59  59  55  46  50  0.54349540E+00      0.000000      0.9997E+02
  60  59  55  47  51  0.82880396E+00      0.000000      0.1000E+03
  61  60  56  46  50  0.37792210E+00      0.000000      0.9986E+02
  62  60  56  47  51  0.54340530E+00      0.000000      0.9996E+02
  63  61  57  46  50  0.27454549E+00      0.000000      0.9980E+02
  64  61  57  47  51  0.37802450E+00      0.000000      0.9989E+02
  65  62  58  46  50  0.20616363E+00      0.000000      0.9973E+02
  66  62  58  47  51  0.27446624E+00      0.000000      0.9978E+02
  67  63  59  46  50  0.15905043E+00      0.000000      0.9972E+02
  68  63  59  47  51  0.20611358E+00      0.000000      0.9973E+02
  69  64  60  46  50  0.12546714E+00      0.000000      0.9977E+02
  70  64  60  47  51  0.15906178E+00      0.000000      0.9975E+02
  71  65  61   2   6  0.11789992E-02      0.000000      0.9835E+02
  72  65  61  46  50  0.10076411E+00      0.000000      0.9981E+02
  73  65  61  47  51  0.12542972E+00      0.000000      0.9977E+02
  74  66  62  46  50  0.82190321E-01      0.000000      0.9987E+02
  75  66  62  47  51  0.10074760E+00      0.000000      0.9983E+02
  76  67  63   2   6  0.31687202E-02      0.000000      0.9934E+02
  77  67  63  46  50  0.67897296E-01      0.000000      0.9989E+02
  78  67  63  47  51  0.82135423E-01      0.000000      0.9986E+02
  79  68  64  47  51  0.67850064E-01      0.000000      0.9990E+02
  80  69  65   1   5  0.46933966E-02      0.000000      0.9959E+02
  81  71  67   2   6  0.48543287E-02      0.000000      0.9957E+02
  82  71  67  47  51  0.40683554E-01      0.000000      0.9997E+02
  83  73  69  47  51  0.30097558E-01      0.000000      0.9998E+02
  84  77  73  47  51  0.17586395E-01      0.000000      0.9999E+02
  85   9   5   2   6  0.46935330E+01      0.000000      0.9910E+02
  86   5   9   3   7  0.33148133E+01      0.000000      0.9996E+02
  87   4   8   3   7  0.14460602E+02      0.000000      0.9912E+02
  88   4   8  48  52  0.27365405E-01      0.000000      0.9981E+02
  89  10   6   3   7  0.46784506E+01      0.000000      0.9878E+02
  90   6  10  48  52  0.24629337E-01      0.000000      0.9981E+02
  91   6  10  49  53  0.26327375E-01      0.000000      0.9978E+02
  92  12   8   3   7  0.69959027E+01      0.000000      0.9891E+02
  93   8  12  48  52  0.19860811E-01      0.000000      0.9984E+02
  94   8  12  49  53  0.22453193E-01      0.000000      0.9979E+02
  95  13   9   3   7  0.26496741E+01      0.000000      0.9991E+02
  96  13   9   4   8  0.70070535E+01      0.000000      0.9907E+02
  97   9  13  49  53  0.19884521E-01      0.000000      0.9982E+02
  98  14  10   3   7  0.13795519E+01      0.000000      0.1002E+03
  99  14  10   4   8  0.26524735E+01      0.000000      0.1000E+03
 100  15  11   3   7  0.82864659E+00      0.000000      0.1000E+03
 101  15  11   4   8  0.13761775E+01      0.000000      0.9991E+02
 102  16  12   3   7  0.54364223E+00      0.000000      0.1000E+03
 103  16  12   4   8  0.82850245E+00      0.000000      0.1000E+03
 104  17  13   3   7  0.37802320E+00      0.000000      0.9990E+02
 105  17  13   4   8  0.54328683E+00      0.000000      0.9995E+02
 106  18  14   3   7  0.27453114E+00      0.000000      0.9982E+02
 107  18  14   4   8  0.37786875E+00      0.000000      0.9987E+02
 108  19  15   3   7  0.20607797E+00      0.000000      0.9973E+02
 109  19  15   4   8  0.27426481E+00      0.000000      0.9974E+02
 110  19  15  49  53  0.38705122E-02   3141.592654      0.1000E+03
 111  20  16   3   7  0.15899940E+00      0.000000      0.9974E+02
 112  20  16   4   8  0.20600817E+00      0.000000      0.9972E+02
 113  21  17   3   7  0.12532838E+00      0.000000      0.9973E+02
 114  21  17   4   8  0.15885416E+00      0.000000      0.9968E+02
 115  22  18   3   7  0.10066836E+00      0.000000      0.9980E+02
 116  22  18   4   8  0.12529845E+00      0.000000      0.9974E+02
 117  23  19   3   7  0.82072596E-01      0.000000      0.9984E+02
 118  23  19   4   8  0.10059471E+00      0.000000      0.9978E+02
 119  24  20   3   7  0.67784316E-01      0.000000      0.9988E+02
 120  24  20   4   8  0.81996474E-01      0.000000      0.9982E+02
 121  25  21   3   7  0.56623136E-01      0.000000      0.9992E+02
 122  25  21   4   8  0.67720889E-01      0.000000      0.9987E+02
 123  26  22   3   7  0.47745126E-01      0.000000      0.9993E+02
 124  26  22   4   8  0.56536483E-01      0.000000      0.9988E+02
 125  27  23   3   7  0.40616495E-01      0.000000      0.9996E+02
 126  27  23   4   8  0.47675185E-01      0.000000      0.9992E+02
 127  28  24   3   7  0.34807382E-01      0.000000      0.9997E+02
 128  28  24   4   8  0.40539055E-01      0.000000      0.9994E+02
 129  29  25   3   7  0.30025700E-01      0.000000      0.9998E+02
 130  29  25   4   8  0.34726976E-01      0.000000      0.9995E+02
 131  30  26   3   7  0.26051693E-01      0.000000      0.9998E+02
 132  30  26   4   8  0.29942831E-01      0.000000      0.9996E+02
 133  31  27   3   7  0.22720375E-01      0.000000      0.9999E+02
 134  32  28   4   8  0.22627168E-01      0.000000      0.9997E+02
 135  48  52  49  53  0.14444603E+02      0.000000      0.9901E+02
 136  49  53   3   7  0.27363155E-01      0.000000      0.9980E+02
 137  50  54   3   7  0.26305050E-01      0.000000      0.9978E+02
 138  50  54   4   8  0.27377732E-01      0.000000      0.9977E+02
 139  50  54  52  56  0.33090604E+01      0.000000      0.9978E+02
 140  50  54  49  53  0.14495702E+02      0.000000      0.9936E+02
 141  51  55   3   7  0.24625424E-01      0.000000      0.9979E+02
 142  51  55   4   8  0.26324902E-01      0.000000      0.9977E+02
 143  51  55  53  57  0.33108488E+01      0.000000      0.9984E+02
 144  52  56   3   7  0.22431818E-01      0.000000      0.9981E+02
 145  52  56   4   8  0.24646109E-01      0.000000      0.9978E+02
 146  53  57   3   7  0.19858829E-01      0.000000      0.9983E+02
 147  53  57   4   8  0.22451539E-01      0.000000      0.9979E+02
 148  57  53  48  52  0.69885298E+01      0.000000      0.9880E+02
 149  54  58   3   7  0.17054752E-01      0.000000      0.9985E+02
 150  58  54  48  52  0.26476141E+01      0.000000      0.9983E+02
 151  58  54  49  53  0.70009172E+01      0.000000      0.9898E+02
 152  55  59   4   8  0.17074136E-01      0.000000      0.9980E+02
 153  59  55  48  52  0.13777838E+01      0.000000      0.1000E+03
 154  59  55  49  53  0.26495976E+01      0.000000      0.9991E+02
 155  60  56  48  52  0.82858939E+00      0.000000      0.1000E+03
 156  60  56  49  53  0.13775935E+01      0.000000      0.1000E+03
 157  61  57  48  52  0.54358745E+00      0.000000      0.1000E+03
 158  61  57  49  53  0.82902637E+00      0.000000      0.1001E+03
 159  62  58  48  52  0.37791223E+00      0.000000      0.9987E+02
 160  62  58  49  53  0.54342204E+00      0.000000      0.9998E+02
 161  63  59  48  52  0.27439594E+00      0.000000      0.9977E+02
 162  63  59  49  53  0.37779115E+00      0.000000      0.9985E+02
 163  64  60  48  52  0.20614373E+00      0.000000      0.9976E+02
 164  64  60  49  53  0.27444313E+00      0.000000      0.9981E+02
 165  65  61   4   8  0.19244747E-02   3141.592654      0.1005E+03
 166  65  61  48  52  0.15902115E+00      0.000000      0.9975E+02
 167  65  61  49  53  0.20608368E+00      0.000000      0.9975E+02
 168  66  62  48  52  0.12542423E+00      0.000000      0.9980E+02
 169  66  62  49  53  0.15902279E+00      0.000000      0.9978E+02
 170  67  63  48  52  0.10068856E+00      0.000000      0.9982E+02
 171  67  63  49  53  0.12535037E+00      0.000000      0.9978E+02
 172  71  67  49  53  0.56556114E-01      0.000000      0.9992E+02
 173  77  73  49  53  0.22630833E-01      0.000000      0.9999E+02
 174   5   9   4   8  0.14499878E+02      0.000000      0.9938E+02
 175   5   9  49  53  0.27379049E-01      0.000000      0.9977E+02
 176  11   7   4   8  0.46609576E+01      0.000000      0.9841E+02
 177   7  11  49  53  0.24645803E-01      0.000000      0.9978E+02
 178   6  10   5   9  0.14526000E+02      0.000000      0.9956E+02
 179  10   6  12  16  0.26493763E+01      0.000000      0.9990E+02
 180   6  10  50  54  0.27400420E-01      0.000000      0.9976E+02
 181   6  10  51  55  0.27776294E-01      0.000000      0.9976E+02
 182  12   8   5   9  0.46707462E+01      0.000000      0.9862E+02
 183   8  12  50  54  0.24671663E-01      0.000000      0.9977E+02
 184   8  12  51  55  0.26376594E-01      0.000000      0.9976E+02
 185  14  10   5   9  0.70537989E+01      0.000000      0.9973E+02
 186  10  14  51  55  0.22503544E-01      0.000000      0.9976E+02
 187  15  11   5   9  0.26448984E+01      0.000000      0.9973E+02
 188  15  11   6  10  0.70088691E+01      0.000000      0.9909E+02
 189  16  12   5   9  0.13774474E+01      0.000000      0.1000E+03
 190  12  16  51  55  0.17138303E-01      0.000000      0.9980E+02
 191  17  13   5   9  0.82844077E+00      0.000000      0.1000E+03
 192  17  13   6  10  0.13773510E+01      0.000000      0.1000E+03
 193  13  17  51  55  0.14248934E-01      0.000000      0.9981E+02
 194  18  14   5   9  0.54340818E+00      0.000000      0.9998E+02
 195  18  14   6  10  0.82894105E+00      0.000000      0.1001E+03
 196  19  15   5   9  0.37764661E+00      0.000000      0.9983E+02
 197  19  15   6  10  0.54315795E+00      0.000000      0.9995E+02
 198  20  16   5   9  0.27428899E+00      0.000000      0.9977E+02
 199  20  16   6  10  0.37778265E+00      0.000000      0.9988E+02
 200  21  17   5   9  0.20588475E+00      0.000000      0.9968E+02
 201  21  17   6  10  0.27417482E+00      0.000000      0.9975E+02
 202  21  17  51  55  0.39501650E-02   3141.592654      0.1000E+03
 203  22  18   5   9  0.15887512E+00      0.000000      0.9972E+02
 204  22  18   6  10  0.20597187E+00      0.000000      0.9975E+02
 205  23  19   5   9  0.12524593E+00      0.000000      0.9975E+02
 206  23  19   6  10  0.15884742E+00      0.000000      0.9974E+02
 207  24  20   5   9  0.10053115E+00      0.000000      0.9978E+02
 208  24  20   6  10  0.12519738E+00      0.000000      0.9976E+02
 209  25  21   5   9  0.81944915E-01      0.000000      0.9983E+02
 210  25  21   6  10  0.10049536E+00      0.000000      0.9981E+02
 211  26  22   5   9  0.67636026E-01      0.000000      0.9985E+02
 212  26  22   6  10  0.81862587E-01      0.000000      0.9982E+02
 213  27  23   5   9  0.56470947E-01      0.000000      0.9989E+02
 214  27  23   6  10  0.67577233E-01      0.000000      0.9987E+02
 215  28  24   5   9  0.47598939E-01      0.000000      0.9992E+02
 216  28  24   6  10  0.56397444E-01      0.000000      0.9990E+02
 217  28  24  51  55  0.41205073E-02      0.000000      0.9954E+02
 218  29  25   5   9  0.40458262E-01      0.000000      0.9993E+02
 219  29  25   6  10  0.47518960E-01      0.000000      0.9992E+02
 220  30  26   5   9  0.34642908E-01      0.000000      0.9995E+02
 221  30  26   6  10  0.40374109E-01      0.000000      0.9995E+02
 222  31  27   5   9  0.29856123E-01      0.000000      0.9997E+02
 223  31  27   6  10  0.34555024E-01      0.000000      0.9997E+02
 224  32  28   5   9  0.25870268E-01      0.000000      0.9997E+02
 225  32  28   6  10  0.29756368E-01      0.000000      0.9997E+02
 226  50  54   5   9  0.27749800E-01      0.000000      0.9975E+02
 227  54  50  56  60  0.26455347E+01      0.000000      0.9976E+02
 228  50  54  51  55  0.14430513E+02      0.000000      0.9891E+02
 229  51  55   5   9  0.27398680E-01      0.000000      0.9975E+02
 230  55  51  57  61  0.26485940E+01      0.000000      0.9987E+02
 231  52  56   5   9  0.26348024E-01      0.000000      0.9976E+02
 232  52  56   6  10  0.27426803E-01      0.000000      0.9976E+02
 233  52  56  54  58  0.33123300E+01      0.000000      0.9988E+02
 234  52  56  51  55  0.14405568E+02      0.000000      0.9874E+02
 235  53  57   5   9  0.24669931E-01      0.000000      0.9977E+02
 236  53  57   6  10  0.26376508E-01      0.000000      0.9976E+02
 237  57  53  50  54  0.46642906E+01      0.000000      0.9848E+02
 238  53  57  55  59  0.33095044E+01      0.000000      0.9979E+02
 239  54  58   5   9  0.22476023E-01      0.000000      0.9977E+02
 240  54  58   6  10  0.24697565E-01      0.000000      0.9976E+02
 241  58  54  51  55  0.46566537E+01      0.000000      0.9832E+02
 242  55  59   5   9  0.19904281E-01      0.000000      0.9977E+02
 243  55  59   6  10  0.22504372E-01      0.000000      0.9976E+02
 244  59  55  50  54  0.69927344E+01      0.000000      0.9886E+02
 245  56  60   5   9  0.17099483E-01      0.000000      0.9977E+02
 246  60  56  51  55  0.69837546E+01      0.000000      0.9874E+02
 247  57  61   5   9  0.14214519E-01      0.000000      0.9982E+02
 248  61  57  50  54  0.13776510E+01      0.000000      0.1000E+03
 249  58  62   5   9  0.11361201E-01      0.000000      0.9984E+02
 250  62  58  50  54  0.82833706E+00      0.000000      0.1000E+03
 251  62  58  51  55  0.13766763E+01      0.000000      0.9995E+02
 252  59  63   5   9  0.86470466E-02      0.000000      0.9988E+02
 253  63  59  50  54  0.54300696E+00      0.000000      0.9991E+02
 254  63  59  51  55  0.82769155E+00      0.000000      0.9993E+02
 255  64  60  50  54  0.37777357E+00      0.000000      0.9986E+02
 256  64  60  51  55  0.54306665E+00      0.000000      0.9993E+02
 257  65  61  50  54  0.27429835E+00      0.000000      0.9977E+02
 258  65  61  51  55  0.37758430E+00      0.000000      0.9982E+02
 259  66  62   5   9  0.19670492E-02   3141.592654      0.1006E+03
 260  66  62  50  54  0.20607176E+00      0.000000      0.9977E+02
 261  66  62  51  55  0.27433352E+00      0.000000      0.9980E+02
 262  67  63  50  54  0.15891172E+00      0.000000      0.9975E+02
 263  67  63  51  55  0.20594380E+00      0.000000      0.9974E+02
 264  68  64  50  54  0.12527556E+00      0.000000      0.9977E+02
 265  68  64  51  55  0.15883667E+00      0.000000      0.9974E+02
 266  69  65   6  10  0.10177975E-02      0.000000      0.9860E+02
 267  69  65  50  54  0.10052529E+00      0.000000      0.9977E+02
 268  69  65  51  55  0.12515308E+00      0.000000      0.9972E+02
 269  70  66   6  10  0.21238645E-02      0.000000      0.9927E+02
 270  70  66  50  54  0.81949299E-01      0.000000      0.9984E+02
 271  70  66  51  55  0.10047561E+00      0.000000      0.9979E+02
 272  71  67   6  10  0.29894638E-02      0.000000      0.9940E+02
 273  71  67  50  54  0.67653055E-01      0.000000      0.9987E+02
 274  71  67  51  55  0.81865173E-01      0.000000      0.9982E+02
 275  72  68   6  10  0.36482072E-02      0.000000      0.9956E+02
 276  72  68  50  54  0.56477127E-01      0.000000      0.9990E+02
 277  77  73   6  10  0.47317133E-02      0.000000      0.9966E+02
 278  77  73  50  54  0.25872692E-01      0.000000      0.9998E+02
 279  77  73  51  55  0.29754387E-01      0.000000      0.9996E+02
 280   7  11   6  10  0.14465631E+02      0.000000      0.9915E+02
 281   7  11  50  54  0.26346836E-01      0.000000      0.9976E+02
 282   7  11  51  55  0.27423338E-01      0.000000      0.9975E+02
 283  13   9   6  10  0.47181026E+01      0.000000      0.9962E+02
 284   9  13  50  54  0.22482168E-01      0.000000      0.9980E+02
 285   8  12   7  11  0.14434065E+02      0.000000      0.9893E+02
 286  12   8  14  18  0.26479997E+01      0.000000      0.9985E+02
 287   8  12  52  56  0.27455298E-01      0.000000      0.9976E+02
 288   8  12  53  57  0.27833792E-01      0.000000      0.9975E+02
 289  14  10   7  11  0.46710696E+01      0.000000      0.9863E+02
 290  10  14  52  56  0.24724173E-01      0.000000      0.9974E+02
 291  10  14  53  57  0.26431101E-01      0.000000      0.9973E+02
 292  16  12   7  11  0.69940026E+01      0.000000      0.9888E+02
 293  17  13   7  11  0.26415921E+01      0.000000      0.9961E+02
 294  17  13   8  12  0.69873159E+01      0.000000      0.9879E+02
 295  13  17  52  56  0.17170877E-01      0.000000      0.9978E+02
 296  13  17  53  57  0.20005086E-01      0.000000      0.9976E+02
 297  18  14   7  11  0.13767438E+01      0.000000      0.9996E+02
 298  19  15   7  11  0.82763918E+00      0.000000      0.9993E+02
 299  19  15   8  12  0.13760696E+01      0.000000      0.9991E+02
 300  20  16   7  11  0.54297934E+00      0.000000      0.9992E+02
 301  20  16   8  12  0.82825309E+00      0.000000      0.1000E+03
 302  21  17   7  11  0.37737375E+00      0.000000      0.9978E+02
 303  21  17   8  12  0.54278203E+00      0.000000      0.9990E+02
 304  22  18   7  11  0.27417401E+00      0.000000      0.9977E+02
 305  22  18   8  12  0.37766806E+00      0.000000      0.9988E+02
 306  23  19   7  11  0.20585193E+00      0.000000      0.9972E+02
 307  23  19   8  12  0.27418376E+00      0.000000      0.9980E+02
 308  24  20   7  11  0.15873084E+00      0.000000      0.9971E+02
 309  24  20   8  12  0.20581602E+00      0.000000      0.9974E+02
 310  25  21   7  11  0.12512004E+00      0.000000      0.9975E+02
 311  25  21   8  12  0.15872124E+00      0.000000      0.9975E+02
 312  26  22   7  11  0.10036922E+00      0.000000      0.9976E+02
 313  26  22   8  12  0.12502361E+00      0.000000      0.9974E+02
 314  27  23   7  11  0.81777664E-01      0.000000      0.9981E+02
 315  27  23   8  12  0.10031666E+00      0.000000      0.9979E+02
 316  28  24   7  11  0.67480417E-01      0.000000      0.9985E+02
 317  28  24   8  12  0.81701307E-01      0.000000      0.9983E+02
 318  29  25   7  11  0.56297586E-01      0.000000      0.9988E+02
 319  29  25   8  12  0.67394437E-01      0.000000      0.9986E+02
 320  29  25  53  57  0.35222412E-02      0.000000      0.9956E+02
 321  30  26   7  11  0.47418331E-01      0.000000      0.9991E+02
 322  30  26   8  12  0.56207360E-01      0.000000      0.9990E+02
 323  31  27   7  11  0.40271660E-01      0.000000      0.9994E+02
 324  31  27   8  12  0.47322608E-01      0.000000      0.9993E+02
 325  32  28   7  11  0.34441100E-01      0.000000      0.9994E+02
 326  32  28   8  12  0.40160521E-01      0.000000      0.9994E+02
 327  52  56   7  11  0.27800158E-01      0.000000      0.9974E+02
 328  56  52  58  62  0.26469525E+01      0.000000      0.9981E+02
 329  52  56  53  57  0.14466619E+02      0.000000      0.9916E+02
 330  53  57   7  11  0.27450953E-01      0.000000      0.9974E+02
 331  57  53  59  63  0.26451762E+01      0.000000      0.9975E+02
 332  54  58   7  11  0.26399114E-01      0.000000      0.9973E+02
 333  54  58   8  12  0.27483397E-01      0.000000      0.9974E+02
 334  54  58  53  57  0.14490219E+02      0.000000      0.9932E+02
 335  55  59   7  11  0.24721716E-01      0.000000      0.9973E+02
 336  55  59   8  12  0.26434215E-01      0.000000      0.9974E+02
 337  59  55  52  56  0.46492388E+01      0.000000      0.9816E+02
 338  55  59  57  61  0.33071753E+01      0.000000      0.9972E+02
 339  56  60   7  11  0.22529381E-01      0.000000      0.9972E+02
 340  57  61   7  11  0.19966425E-01      0.000000      0.9975E+02
 341  61  57  52  56  0.70359974E+01      0.000000      0.9948E+02
 342  58  62   7  11  0.17167498E-01      0.000000      0.9976E+02
 343  62  58  53  57  0.70465005E+01      0.000000      0.9963E+02
 344  59  63   7  11  0.14281214E-01      0.000000      0.9978E+02
 345  63  59  52  56  0.13754407E+01      0.000000      0.9987E+02
 346  60  64   7  11  0.11435300E-01      0.000000      0.9983E+02
 347  60  64   8  12  0.14327564E-01      0.000000      0.9981E+02
 348  64  60  52  56  0.82793837E+00      0.000000      0.9996E+02
 349  64  60  53  57  0.13768271E+01      0.000000      0.9997E+02
 350  65  61  52  56  0.54279349E+00      0.000000      0.9989E+02
 351  65  61  53  57  0.82772598E+00      0.000000      0.9994E+02
 352  66  62   7  11  0.62327018E-02   3141.592654      0.9999E+02
 353  66  62  52  56  0.37771925E+00      0.000000      0.9988E+02
 354  66  62  53  57  0.54326147E+00      0.000000      0.9999E+02
 355  67  63  52  56  0.27418460E+00      0.000000      0.9977E+02
 356  67  63  53  57  0.37759723E+00      0.000000      0.9986E+02
 357  68  64   7  11  0.20549195E-02   3141.592654      0.1005E+03
 358  68  64  52  56  0.20587590E+00      0.000000      0.9974E+02
 359  68  64  53  57  0.27416969E+00      0.000000      0.9979E+02
 360  69  65   8  12  0.21041624E-02   3141.592654      0.1003E+03
 361  69  65  52  56  0.15869711E+00      0.000000      0.9969E+02
 362  69  65  53  57  0.20573474E+00      0.000000      0.9970E+02
 363  70  66  52  56  0.12511494E+00      0.000000      0.9975E+02
 364  70  66  53  57  0.15869430E+00      0.000000      0.9974E+02
 365  71  67  52  56  0.10038795E+00      0.000000      0.9978E+02
 366  71  67  53  57  0.12503385E+00      0.000000      0.9975E+02
 367  72  68  52  56  0.81779784E-01      0.000000      0.9981E+02
 368  77  73   8  12  0.44923336E-02      0.000000      0.9965E+02
 369  77  73  52  56  0.34442134E-01      0.000000      0.9995E+02
 370  77  73  53  57  0.40158322E-01      0.000000      0.9994E+02
 371   9  13   8  12  0.14436740E+02      0.000000      0.9895E+02
 372   9  13  52  56  0.26407655E-01      0.000000      0.9976E+02
 373   9  13  53  57  0.27486891E-01      0.000000      0.9976E+02
 374  15  11   8  12  0.46605275E+01      0.000000      0.9840E+02
 375  11  15  52  56  0.22539287E-01      0.000000      0.9977E+02
 376  11  15  53  57  0.24762614E-01      0.000000      0.9975E+02
 377  10  14   9  13  0.14501944E+02      0.000000      0.9940E+02
 378  14  10  16  20  0.26431094E+01      0.000000      0.9967E+02
 379  10  14  54  58  0.27508320E-01      0.000000      0.9971E+02
 380  16  12   9  13  0.46512311E+01      0.000000      0.9821E+02
 381  18  14   9  13  0.70044812E+01      0.000000      0.9903E+02
 382  14  18  55  59  0.22650318E-01      0.000000      0.9973E+02
 383  19  15   9  13  0.26425663E+01      0.000000      0.9965E+02
 384  19  15  10  14  0.69637859E+01      0.000000      0.9846E+02
 385  20  16   9  13  0.13766424E+01      0.000000      0.9996E+02
 386  21  17   9  13  0.82762718E+00      0.000000      0.9994E+02
 387  21  17  10  14  0.13751683E+01      0.000000      0.9986E+02
 388  22  18   9  13  0.54316354E+00      0.000000      0.9998E+02
 389  22  18  10  14  0.82829832E+00      0.000000      0.1000E+03
 390  23  19   9  13  0.37762103E+00      0.000000      0.9988E+02
 391  23  19  10  14  0.54306765E+00      0.000000      0.9998E+02
 392  24  20   9  13  0.27410050E+00      0.000000      0.9979E+02
 393  24  20  10  14  0.37750205E+00      0.000000      0.9987E+02
 394  25  21   9  13  0.20579202E+00      0.000000      0.9977E+02
 395  25  21  10  14  0.27408814E+00      0.000000      0.9982E+02
 396  26  22   9  13  0.15858492E+00      0.000000      0.9972E+02
 397  26  22  10  14  0.20561916E+00      0.000000      0.9973E+02
 398  27  23   9  13  0.12495735E+00      0.000000      0.9976E+02
 399  27  23  10  14  0.15851828E+00      0.000000      0.9974E+02
 400  28  24   9  13  0.10022434E+00      0.000000      0.9979E+02
 401  28  24  10  14  0.12485770E+00      0.000000      0.9976E+02
 402  29  25   9  13  0.81600533E-01      0.000000      0.9983E+02
 403  29  25  10  14  0.10011514E+00      0.000000      0.9979E+02
 404  30  26   9  13  0.67292379E-01      0.000000      0.9987E+02
 405  30  26  10  14  0.81492493E-01      0.000000      0.9983E+02
 406  31  27   9  13  0.56100227E-01      0.000000      0.9991E+02
 407  31  27  10  14  0.67178013E-01      0.000000      0.9988E+02
 408  32  28   9  13  0.47199240E-01      0.000000      0.9992E+02
 409  32  28  10  14  0.55967654E-01      0.000000      0.9990E+02
 410  32  28  55  59  0.38273408E-02      0.000000      0.9955E+02
 411  54  58   9  13  0.27862622E-01      0.000000      0.9974E+02
 412  58  54  60  64  0.26452362E+01      0.000000      0.9975E+02
 413  54  58  55  59  0.14409406E+02      0.000000      0.9876E+02
 414  55  59   9  13  0.27514479E-01      0.000000      0.9973E+02
 415  59  55  61  65  0.26405464E+01      0.000000      0.9958E+02
 416  56  60   9  13  0.26467649E-01      0.000000      0.9973E+02
 417  56  60  58  62  0.33204969E+01      0.000000      0.1001E+03
 418  56  60  55  59  0.14394275E+02      0.000000      0.9866E+02
 419  57  61   9  13  0.24796947E-01      0.000000      0.9974E+02
 420  57  61  10  14  0.26502332E-01      0.000000      0.9971E+02
 421  57  61  59  63  0.33148999E+01      0.000000      0.9995E+02
 422  58  62   9  13  0.22607540E-01      0.000000      0.9974E+02
 423  58  62  10  14  0.24829686E-01      0.000000      0.9971E+02
 424  62  58  55  59  0.46375956E+01      0.000000      0.9792E+02
 425  59  63   9  13  0.20043645E-01      0.000000      0.9974E+02
 426  63  59  54  58  0.69737225E+01      0.000000      0.9860E+02
 427  60  64   9  13  0.17250450E-01      0.000000      0.9976E+02
 428  60  64  10  14  0.20085567E-01      0.000000      0.9973E+02
 429  64  60  55  59  0.69659268E+01      0.000000      0.9849E+02
 430  61  65   9  13  0.14372812E-01      0.000000      0.9981E+02
 431  61  65  10  14  0.17301315E-01      0.000000      0.9978E+02
 432  65  61  54  58  0.13753296E+01      0.000000      0.9987E+02
 433  62  66   9  13  0.11527989E-01      0.000000      0.9985E+02
 434  62  66  10  14  0.14422831E-01      0.000000      0.9981E+02
 435  66  62  54  58  0.82841154E+00      0.000000      0.1000E+03
 436  66  62  55  59  0.13773471E+01      0.000000      0.1000E+03
 437  67  63  54  58  0.54291071E+00      0.000000      0.9993E+02
 438  67  63  55  59  0.82778834E+00      0.000000      0.9997E+02
 439  68  64  54  58  0.37752807E+00      0.000000      0.9986E+02
 440  68  64  55  59  0.54287365E+00      0.000000      0.9994E+02
 441  65  69  10  14  0.63853263E-02      0.000000      0.9992E+02
 442  69  65  54  58  0.27393580E+00      0.000000      0.9973E+02
 443  69  65  55  59  0.37720736E+00      0.000000      0.9980E+02
 444  70  66  54  58  0.20573171E+00      0.000000      0.9974E+02
 445  70  66  55  59  0.27398255E+00      0.000000      0.9978E+02
 446  71  67  54  58  0.15858419E+00      0.000000      0.9972E+02
 447  72  68  54  58  0.12493549E+00      0.000000      0.9974E+02
 448  77  73  54  58  0.47194530E-01      0.000000      0.9991E+02
 449  77  73  55  59  0.55959586E-01      0.000000      0.9989E+02
 450  11  15  10  14  0.14416275E+02      0.000000      0.9881E+02
 451  11  15  54  58  0.26468026E-01      0.000000      0.9973E+02
 452  17  13  10  14  0.46705492E+01      0.000000      0.9862E+02
 453  13  17  54  58  0.22605070E-01      0.000000      0.9973E+02
 454  12  16  11  15  0.14372996E+02      0.000000      0.9851E+02
 455  16  12  18  22  0.26490248E+01      0.000000      0.9990E+02
 456  12  16  56  60  0.27592531E-01      0.000000      0.9973E+02
 457  12  16  57  61  0.27976093E-01      0.000000      0.9972E+02
 458  18  14  11  15  0.46300001E+01      0.000000      0.9776E+02
 459  14  18  57  61  0.26597881E-01      0.000000      0.9973E+02
 460  20  16  11  15  0.69347450E+01      0.000000      0.9805E+02
 461  21  17  11  15  0.26360252E+01      0.000000      0.9941E+02
 462  21  17  12  16  0.69799992E+01      0.000000      0.9869E+02
 463  17  21  56  60  0.17357343E-01      0.000000      0.9980E+02
 464  17  21  57  61  0.20196568E-01      0.000000      0.9976E+02
 465  22  18  11  15  0.13754358E+01      0.000000      0.9988E+02
 466  23  19  11  15  0.82752824E+00      0.000000      0.9995E+02
 467  23  19  12  16  0.13769656E+01      0.000000      0.1000E+03
 468  24  20  11  15  0.54260068E+00      0.000000      0.9991E+02
 469  24  20  12  16  0.82803031E+00      0.000000      0.1000E+03
 470  25  21  11  15  0.37735399E+00      0.000000      0.9986E+02
 471  25  21  12  16  0.54303339E+00      0.000000      0.1000E+03
 472  26  22  11  15  0.27376192E+00      0.000000      0.9973E+02
 473  26  22  12  16  0.37721367E+00      0.000000      0.9985E+02
 474  27  23  11  15  0.20549488E+00      0.000000      0.9971E+02
 475  27  23  12  16  0.27381122E+00      0.000000      0.9979E+02
 476  28  24  11  15  0.15837151E+00      0.000000      0.9971E+02
 477  28  24  12  16  0.20544285E+00      0.000000      0.9974E+02
 478  29  25  11  15  0.12471258E+00      0.000000      0.9973E+02
 479  29  25  12  16  0.15828280E+00      0.000000      0.9973E+02
 480  25  29  57  61  0.73333532E-03      0.000000      0.1011E+03
 481  30  26  11  15  0.99983368E-01      0.000000      0.9977E+02
 482  30  26  12  16  0.12462248E+00      0.000000      0.9976E+02
 483  31  27  11  15  0.81357477E-01      0.000000      0.9982E+02
 484  31  27  12  16  0.99872328E-01      0.000000      0.9980E+02
 485  32  28  11  15  0.67026093E-01      0.000000      0.9985E+02
 486  32  28  12  16  0.81218017E-01      0.000000      0.9983E+02
 487  32  28  56  60  0.32765761E-02      0.000000      0.9948E+02
 488  56  60  11  15  0.27935270E-01      0.000000      0.9973E+02
 489  60  56  62  66  0.26547739E+01      0.000000      0.1001E+03
 490  56  60  57  61  0.14464071E+02      0.000000      0.9914E+02
 491  57  61  11  15  0.27592335E-01      0.000000      0.9973E+02
 492  61  57  63  67  0.26460776E+01      0.000000      0.9979E+02
 493  58  62  11  15  0.26546723E-01      0.000000      0.9972E+02
 494  58  62  12  16  0.27632556E-01      0.000000      0.9971E+02
 495  58  62  57  61  0.14555715E+02      0.000000      0.9977E+02
 496  59  63  11  15  0.24878351E-01      0.000000      0.9972E+02
 497  59  63  12  16  0.26592856E-01      0.000000      0.9971E+02
 498  63  59  56  60  0.46308355E+01      0.000000      0.9778E+02
 499  59  63  61  65  0.32971708E+01      0.000000      0.9941E+02
 500  60  64  11  15  0.22694506E-01      0.000000      0.9972E+02
 501  60  64  12  16  0.24924325E-01      0.000000      0.9971E+02
 502  64  60  57  61  0.46487899E+01      0.000000      0.9816E+02
 503  61  65  11  15  0.20143119E-01      0.000000      0.9977E+02
 504  61  65  12  16  0.22753612E-01      0.000000      0.9975E+02
 505  65  61  56  60  0.69849366E+01      0.000000      0.9876E+02
 506  62  66  11  15  0.17354573E-01      0.000000      0.9979E+02
 507  62  66  12  16  0.20198097E-01      0.000000      0.9977E+02
 508  66  62  57  61  0.70632954E+01      0.000000      0.9987E+02
 509  63  67  11  15  0.14476604E-01      0.000000      0.9981E+02
 510  63  67  12  16  0.17411836E-01      0.000000      0.9979E+02
 511  67  63  56  60  0.13776786E+01      0.000000      0.1000E+03
 512  64  68  11  15  0.11636629E-01      0.000000      0.9984E+02
 513  64  68  12  16  0.14537421E-01      0.000000      0.9981E+02
 514  68  64  56  60  0.82857453E+00      0.000000      0.1001E+03
 515  68  64  57  61  0.13768444E+01      0.000000      0.9999E+02
 516  65  69  11  15  0.89317804E-02      0.000000      0.9984E+02
 517  65  69  12  16  0.11696006E-01      0.000000      0.9981E+02
 518  69  65  56  60  0.54276763E+00      0.000000      0.9994E+02
 519  69  65  57  61  0.82732740E+00      0.000000      0.9993E+02
 520  70  66  56  60  0.37756768E+00      0.000000      0.9991E+02
 521  70  66  57  61  0.54294146E+00      0.000000      0.9999E+02
 522  71  67  56  60  0.27396108E+00      0.000000      0.9981E+02
 523  71  67  57  61  0.37727491E+00      0.000000      0.9986E+02
 524  72  68  56  60  0.20557450E+00      0.000000      0.9975E+02
 525  72  68  57  61  0.27377960E+00      0.000000      0.9978E+02
 526  77  73  56  60  0.67039225E-01      0.000000      0.9987E+02
 527  77  73  57  61  0.81212231E-01      0.000000      0.9982E+02
 528  13  17  12  16  0.14411101E+02      0.000000      0.9877E+02
 529  13  17  57  61  0.27632804E-01      0.000000      0.9971E+02
 530  19  15  12  16  0.45993766E+01      0.000000      0.9712E+02
 531  15  19  56  60  0.22701285E-01      0.000000      0.9975E+02
 532  15  19  57  61  0.24928798E-01      0.000000      0.9972E+02
 533  14  18  13  17  0.14417329E+02      0.000000      0.9882E+02
 534  18  14  20  24  0.26479269E+01      0.000000      0.9987E+02
 535  14  18  58  62  0.27684440E-01      0.000000      0.9972E+02
 536  14  18  59  63  0.28074630E-01      0.000000      0.9972E+02
 537  20  16  13  17  0.46466138E+01      0.000000      0.9812E+02
 538  16  20  58  62  0.24980680E-01      0.000000      0.9971E+02
 539  16  20  59  63  0.26701540E-01      0.000000      0.9971E+02
 540  22  18  13  17  0.69675377E+01      0.000000      0.9852E+02
 541  18  22  59  63  0.22868928E-01      0.000000      0.9973E+02
 542  23  19  13  17  0.26399051E+01      0.000000      0.9956E+02
 543  23  19  14  18  0.70142692E+01      0.000000      0.9918E+02
 544  24  20  13  17  0.13746773E+01      0.000000      0.9984E+02
 545  25  21  13  17  0.82756911E+00      0.000000      0.9997E+02
 546  25  21  14  18  0.13782639E+01      0.000000      0.1001E+03
 547  26  22  13  17  0.54219443E+00      0.000000      0.9987E+02
 548  26  22  14  18  0.82782496E+00      0.000000      0.1000E+03
 549  27  23  13  17  0.37699305E+00      0.000000      0.9982E+02
 550  27  23  14  18  0.54274341E+00      0.000000      0.9999E+02
 551  23  27  59  63  0.91535673E-02      0.000000      0.9985E+02
 552  28  24  13  17  0.27357769E+00      0.000000      0.9975E+02
 553  28  24  14  18  0.37715733E+00      0.000000      0.9990E+02
 554  29  25  13  17  0.20523128E+00      0.000000      0.9970E+02
 555  29  25  14  18  0.27359442E+00      0.000000      0.9980E+02
 556  25  29  59  63  0.44694290E-02      0.000000      0.9999E+02
 557  30  26  13  17  0.15811858E+00      0.000000      0.9971E+02
 558  30  26  14  18  0.20522888E+00      0.000000      0.9977E+02
 559  31  27  13  17  0.12445236E+00      0.000000      0.9974E+02
 560  31  27  14  18  0.15804424E+00      0.000000      0.9976E+02
 561  32  28  13  17  0.99685479E-01      0.000000      0.9977E+02
 562  32  28  14  18  0.12432665E+00      0.000000      0.9977E+02
 563  58  62  13  17  0.28016626E-01      0.000000      0.9969E+02
 564  62  58  64  68  0.26501005E+01      0.000000      0.9995E+02
 565  58  62  59  63  0.14423945E+02      0.000000      0.9886E+02
 566  59  63  13  17  0.27678733E-01      0.000000      0.9970E+02
 567  63  59  65  69  0.26391040E+01      0.000000      0.9954E+02
 568  60  64  13  17  0.26637444E-01      0.000000      0.9968E+02
 569  60  64  14  18  0.27734730E-01      0.000000      0.9970E+02
 570  60  64  59  63  0.14395324E+02      0.000000      0.9866E+02
 571  61  65  13  17  0.24983910E-01      0.000000      0.9973E+02
 572  61  65  14  18  0.26710074E-01      0.000000      0.9974E+02
 573  65  61  58  62  0.47303268E+01      0.000000      0.9988E+02
 574  61  65  63  67  0.33128406E+01      0.000000      0.9988E+02
 575  62  66  13  17  0.22807988E-01      0.000000      0.9974E+02
 576  62  66  14  18  0.25050310E-01      0.000000      0.9975E+02
 577  66  62  59  63  0.46708514E+01      0.000000      0.9863E+02
 578  63  67  13  17  0.20255567E-01      0.000000      0.9976E+02
 579  63  67  14  18  0.22877624E-01      0.000000      0.9977E+02
 580  67  63  58  62  0.70071385E+01      0.000000      0.9908E+02
 581  64  68  13  17  0.17472788E-01      0.000000      0.9978E+02
 582  64  68  14  18  0.20327299E-01      0.000000      0.9978E+02
 583  68  64  59  63  0.69867135E+01      0.000000      0.9879E+02
 584  65  69  13  17  0.14597677E-01      0.000000      0.9977E+02
 585  65  69  14  18  0.17543234E-01      0.000000      0.9978E+02
 586  69  65  58  62  0.13761433E+01      0.000000      0.9995E+02
 587  66  70  13  17  0.11765521E-01      0.000000      0.9981E+02
 588  66  70  14  18  0.14676404E-01      0.000000      0.9981E+02
 589  70  66  58  62  0.82870467E+00      0.000000      0.1001E+03
 590  70  66  59  63  0.13767762E+01      0.000000      0.1000E+03
 591  67  71  13  17  0.90730215E-02      0.000000      0.9986E+02
 592  71  67  58  62  0.54292886E+00      0.000000      0.1000E+03
 593  71  67  59  63  0.82752512E+00      0.000000      0.9998E+02
 594  72  68  58  62  0.37729220E+00      0.000000      0.9990E+02
 595  72  68  59  63  0.54242576E+00      0.000000      0.9993E+02
 596  73  69  59  63  0.37697009E+00      0.000000      0.9985E+02
 597  74  70  59  63  0.27354543E+00      0.000000      0.9979E+02
 598  75  71  59  63  0.20510230E+00      0.000000      0.9971E+02
 599  77  73  14  18  0.41656988E-03      0.000000      0.9740E+02
 600  77  73  58  62  0.99722464E-01      0.000000      0.9981E+02
 601  77  73  59  63  0.12429451E+00      0.000000      0.9975E+02
 602  15  19  14  18  0.14423976E+02      0.000000      0.9886E+02
 603  15  19  58  62  0.26644306E-01      0.000000      0.9971E+02
 604  15  19  59  63  0.27736817E-01      0.000000      0.9971E+02
 605  21  17  14  18  0.46314015E+01      0.000000      0.9780E+02
 606  17  21  58  62  0.22808939E-01      0.000000      0.9974E+02
 607  17  21  59  63  0.25046322E-01      0.000000      0.9974E+02
 608  16  20  15  19  0.14381162E+02      0.000000      0.9857E+02
 609  20  16  22  26  0.26451665E+01      0.000000      0.9977E+02
 610  16  20  60  64  0.27790869E-01      0.000000      0.9969E+02
 611  16  20  61  65  0.28196087E-01      0.000000      0.9972E+02
 612  22  18  15  19  0.46802615E+01      0.000000      0.9883E+02
 613  18  22  20  24  0.33105166E+01      0.000000      0.9980E+02
 614  18  22  61  65  0.26835283E-01      0.000000      0.9971E+02
 615  24  20  15  19  0.70025763E+01      0.000000      0.9901E+02
 616  25  21  15  19  0.26514071E+01      0.000000      0.1000E+03
 617  25  21  16  20  0.70375676E+01      0.000000      0.9951E+02
 618  26  22  15  19  0.13765303E+01      0.000000      0.9999E+02
 619  22  26  61  65  0.17697871E-01      0.000000      0.9974E+02
 620  27  23  15  19  0.82800033E+00      0.000000      0.1001E+03
 621  27  23  16  20  0.13761078E+01      0.000000      0.9997E+02
 622  23  27  61  65  0.14838204E-01      0.000000      0.9975E+02
 623  28  24  15  19  0.54266799E+00      0.000000      0.1000E+03
 624  28  24  16  20  0.82744363E+00      0.000000      0.1000E+03
 625  24  28  61  65  0.12018799E-01      0.000000      0.9978E+02
 626  29  25  15  19  0.37702338E+00      0.000000      0.9990E+02
 627  29  25  16  20  0.54220365E+00      0.000000      0.9995E+02
 628  25  29  60  64  0.67708173E-02      0.000000      0.9986E+02
 629  25  29  61  65  0.93371103E-02      0.000000      0.9979E+02
 630  30  26  15  19  0.27353616E+00      0.000000      0.9984E+02
 631  30  26  16  20  0.37682583E+00      0.000000      0.9989E+02
 632  31  27  15  19  0.20509899E+00      0.000000      0.9979E+02
 633  31  27  16  20  0.27326972E+00      0.000000      0.9981E+02
 634  32  28  15  19  0.15787768E+00      0.000000      0.9977E+02
 635  32  28  16  20  0.20483567E+00      0.000000      0.9976E+02
 636  28  32  61  65  0.27655795E-02      0.000000      0.9996E+02
 637  60  64  15  19  0.28124412E-01      0.000000      0.9969E+02
 638  64  60  66  70  0.26518644E+01      0.000000      0.1000E+03
 639  60  64  61  65  0.14435153E+02      0.000000      0.9894E+02
 640  61  65  15  19  0.27802264E-01      0.000000      0.9973E+02
 641  65  61  67  71  0.26412735E+01      0.000000      0.9963E+02
 642  62  66  15  19  0.26771479E-01      0.000000      0.9974E+02
 643  62  66  16  20  0.27867570E-01      0.000000      0.9972E+02
 644  62  66  64  68  0.33073261E+01      0.000000      0.9971E+02
 645  62  66  61  65  0.14495226E+02      0.000000      0.9935E+02
 646  63  67  15  19  0.25116418E-01      0.000000      0.9975E+02
 647  63  67  16  20  0.26841845E-01      0.000000      0.9974E+02
 648  67  63  60  64  0.46498416E+01      0.000000      0.9819E+02
 649  63  67  65  69  0.33048557E+01      0.000000      0.9963E+02
 650  64  68  15  19  0.22946146E-01      0.000000      0.9976E+02
 651  64  68  16  20  0.25188166E-01      0.000000      0.9975E+02
 652  68  64  61  65  0.46729956E+01      0.000000      0.9868E+02
 653  65  69  15  19  0.20396389E-01      0.000000      0.9976E+02
 654  65  69  16  20  0.23019105E-01      0.000000      0.9975E+02
 655  69  65  60  64  0.70066330E+01      0.000000      0.9907E+02
 656  66  70  15  19  0.17621858E-01      0.000000      0.9979E+02
 657  70  66  61  65  0.69866278E+01      0.000000      0.9879E+02
 658  67  71  15  19  0.14758563E-01      0.000000      0.9982E+02
 659  71  67  60  64  0.13765042E+01      0.000000      0.9999E+02
 660  68  72  15  19  0.11933301E-01      0.000000      0.9986E+02
 661  72  68  60  64  0.82749283E+00      0.000000      0.9999E+02
 662  72  68  61  65  0.13741476E+01      0.000000      0.9983E+02
 663  73  69  60  64  0.54235023E+00      0.000000      0.9994E+02
 664  73  69  61  65  0.82664484E+00      0.000000      0.9991E+02
 665  74  70  60  64  0.37693296E+00      0.000000      0.9988E+02
 666  74  70  61  65  0.54203718E+00      0.000000      0.9991E+02
 667  75  71  60  64  0.27330658E+00      0.000000      0.9976E+02
 668  75  71  61  65  0.37644420E+00      0.000000      0.9979E+02
 669  77  73  60  64  0.15780243E+00      0.000000      0.9973E+02
 670  77  73  61  65  0.20472427E+00      0.000000      0.9970E+02
 671  17  21  16  20  0.14464027E+02      0.000000      0.9913E+02
 672  17  21  19  23  0.33019914E+01      0.000000      0.9955E+02
 673  17  21  60  64  0.26764114E-01      0.000000      0.9971E+02
 674  17  21  61  65  0.27870517E-01      0.000000      0.9974E+02
 675  23  19  16  20  0.46667458E+01      0.000000      0.9855E+02
 676  18  22  17  21  0.14435482E+02      0.000000      0.9894E+02
 677  22  18  24  28  0.26426688E+01      0.000000      0.9969E+02
 678  18  22  62  66  0.27936329E-01      0.000000      0.9971E+02
 679  18  22  63  67  0.28341237E-01      0.000000      0.9972E+02
 680  24  20  17  21  0.47034272E+01      0.000000      0.9932E+02
 681  20  24  22  26  0.33184522E+01      0.000000      0.1000E+03
 682  26  22  17  21  0.70249578E+01      0.000000      0.9933E+02
 683  22  26  63  67  0.23193191E-01      0.000000      0.9972E+02
 684  27  23  17  21  0.26487938E+01      0.000000      0.9992E+02
 685  27  23  18  22  0.69893946E+01      0.000000      0.9883E+02
 686  23  27  62  66  0.17792074E-01      0.000000      0.9974E+02
 687  23  27  63  67  0.20660373E-01      0.000000      0.9973E+02
 688  28  24  17  21  0.13767379E+01      0.000000      0.1000E+03
 689  24  28  63  67  0.17899766E-01      0.000000      0.9975E+02
 690  29  25  17  21  0.82742475E+00      0.000000      0.1000E+03
 691  29  25  18  22  0.13741942E+01      0.000000      0.9986E+02
 692  25  29  62  66  0.12123130E-01      0.000000      0.9978E+02
 693  25  29  63  67  0.15050878E-01      0.000000      0.9977E+02
 694  30  26  17  21  0.54239949E+00      0.000000      0.1000E+03
 695  30  26  18  22  0.82690582E+00      0.000000      0.9998E+02
 696  31  27  17  21  0.37670216E+00      0.000000      0.9991E+02
 697  31  27  18  22  0.54169780E+00      0.000000      0.9992E+02
 698  32  28  17  21  0.27309865E+00      0.000000      0.9982E+02
 699  32  28  18  22  0.37620979E+00      0.000000      0.9984E+02
 700  28  32  62  66  0.47982773E-02      0.000000      0.9988E+02
 701  28  32  63  67  0.71210125E-02      0.000000      0.9984E+02
 702  62  66  17  21  0.28269690E-01      0.000000      0.9973E+02
 703  66  62  68  72  0.26445444E+01      0.000000      0.9975E+02
 704  62  66  63  67  0.14461298E+02      0.000000      0.9912E+02
 705  63  67  17  21  0.27946375E-01      0.000000      0.9975E+02
 706  67  63  69  73  0.26419516E+01      0.000000      0.9966E+02
 707  64  68  17  21  0.26920713E-01      0.000000      0.9975E+02
 708  64  68  18  22  0.28017855E-01      0.000000      0.9971E+02
 709  64  68  63  67  0.14435662E+02      0.000000      0.9894E+02
 710  65  69  17  21  0.25268695E-01      0.000000      0.9974E+02
 711  69  65  62  66  0.46517551E+01      0.000000      0.9823E+02
 712  65  69  67  71  0.33041179E+01      0.000000      0.9960E+02
 713  66  70  17  21  0.23107436E-01      0.000000      0.9976E+02
 714  67  71  17  21  0.20568587E-01      0.000000      0.9977E+02
 715  71  67  62  66  0.70093805E+01      0.000000      0.9911E+02
 716  68  72  17  21  0.17803313E-01      0.000000      0.9980E+02
 717  72  68  63  67  0.70042226E+01      0.000000      0.9904E+02
 718  73  69  62  66  0.13757479E+01      0.000000      0.9996E+02
 719  70  74  18  22  0.15053983E-01      0.000000      0.9979E+02
 720  74  70  62  66  0.82769309E+00      0.000000      0.1001E+03
 721  74  70  63  67  0.13762084E+01      0.000000      0.1000E+03
 722  71  75  18  22  0.12243959E-01      0.000000      0.9981E+02
 723  75  71  62  66  0.54202757E+00      0.000000      0.9995E+02
 724  75  71  63  67  0.82685635E+00      0.000000      0.9998E+02
 725  76  72  62  66  0.37643755E+00      0.000000      0.9984E+02
 726  76  72  63  67  0.54167446E+00      0.000000      0.9992E+02
 727  77  73  62  66  0.27303282E+00      0.000000      0.9980E+02
 728  77  73  63  67  0.37636722E+00      0.000000      0.9988E+02
 729  19  23  18  22  0.14448913E+02      0.000000      0.9903E+02
 730  19  23  21  25  0.33131668E+01      0.000000      0.9988E+02
 731  25  21  18  22  0.46891292E+01      0.000000      0.9903E+02
 732  20  24  19  23  0.14485913E+02      0.000000      0.9928E+02
 733  24  20  26  30  0.26502207E+01      0.000000      0.9999E+02
 734  26  22  19  23  0.46526777E+01      0.000000      0.9826E+02
 735  22  26  24  28  0.33076011E+01      0.000000      0.9969E+02
 736  22  26  64  68  0.25446658E-01      0.000000      0.9970E+02
 737  28  24  19  23  0.70374613E+01      0.000000      0.9952E+02
 738  24  28  64  68  0.20768629E-01      0.000000      0.9972E+02
 739  24  28  65  69  0.23414249E-01      0.000000      0.9972E+02
 740  29  25  19  23  0.26451676E+01      0.000000      0.9979E+02
 741  29  25  20  24  0.70263894E+01      0.000000      0.9936E+02
 742  25  29  64  68  0.18013573E-01      0.000000      0.9974E+02
 743  25  29  65  69  0.20895034E-01      0.000000      0.9974E+02
 744  30  26  19  23  0.13765812E+01      0.000000      0.1000E+03
 745  31  27  19  23  0.82697146E+00      0.000000      0.1000E+03
 746  31  27  20  24  0.13755955E+01      0.000000      0.9999E+02
 747  32  28  19  23  0.54168691E+00      0.000000      0.9997E+02
 748  32  28  20  24  0.82676688E+00      0.000000      0.1000E+03
 749  28  32  64  68  0.97073721E-02      0.000000      0.9978E+02
 750  68  64  70  74  0.26429371E+01      0.000000      0.9971E+02
 751  64  68  65  69  0.14411138E+02      0.000000      0.9877E+02
 752  69  65  71  75  0.26395253E+01      0.000000      0.9959E+02
 753  66  70  65  69  0.14412224E+02      0.000000      0.9878E+02
 754  73  69  64  68  0.69566840E+01      0.000000      0.9837E+02
 755  74  70  65  69  0.69793778E+01      0.000000      0.9870E+02
 756  75  71  64  68  0.13740035E+01      0.000000      0.9986E+02
 757  72  76  19  23  0.12369278E-01      0.000000      0.9977E+02
 758  76  72  64  68  0.82611942E+00      0.000000      0.9992E+02
 759  76  72  65  69  0.13736079E+01      0.000000      0.9985E+02
 760  73  77  19  23  0.97112374E-02      0.000000      0.9982E+02
 761  77  73  64  68  0.54158015E+00      0.000000      0.9995E+02
 762  77  73  65  69  0.82656012E+00      0.000000      0.1000E+03
 763  21  25  20  24  0.14509516E+02      0.000000      0.9944E+02
 764  21  25  23  27  0.33136666E+01      0.000000      0.9988E+02
 765  27  23  20  24  0.47023642E+01      0.000000      0.9931E+02
 766  23  27  64  68  0.23294851E-01      0.000000      0.9971E+02
 767  23  27  65  69  0.25559155E-01      0.000000      0.9971E+02
 768  22  26  21  25  0.14511153E+02      0.000000      0.9945E+02
 769  26  22  28  32  0.26486591E+01      0.000000      0.9995E+02
 770  28  24  21  25  0.46900382E+01      0.000000      0.9906E+02
 771  24  28  26  30  0.33126808E+01      0.000000      0.9983E+02
 772  24  28  67  71  0.27439465E-01      0.000000      0.9970E+02
 773  30  26  21  25  0.70378979E+01      0.000000      0.9953E+02
 774  26  30  67  71  0.23687183E-01      0.000000      0.9971E+02
 775  31  27  21  25  0.26444665E+01      0.000000      0.9978E+02
 776  31  27  22  26  0.70156082E+01      0.000000      0.9922E+02
 777  32  28  21  25  0.13750497E+01      0.000000      0.9997E+02
 778  28  32  67  71  0.18449653E-01      0.000000      0.9974E+02
 779  70  66  72  76  0.26432759E+01      0.000000      0.9974E+02
 780  66  70  67  71  0.14459047E+02      0.000000      0.9910E+02
 781  71  67  73  77  0.26429125E+01      0.000000      0.9974E+02
 782  68  72  22  26  0.28441765E-01      0.000000      0.9972E+02
 783  68  72  70  74  0.33056595E+01      0.000000      0.9962E+02
 784  69  73  22  26  0.27442803E-01      0.000000      0.9971E+02
 785  69  73  71  75  0.33052818E+01      0.000000      0.9960E+02
 786  70  74  22  26  0.25821086E-01      0.000000      0.9972E+02
 787  71  75  22  26  0.23690373E-01      0.000000      0.9973E+02
 788  75  71  66  70  0.70031294E+01      0.000000      0.9904E+02
 789  76  72  67  71  0.69899933E+01      0.000000      0.9885E+02
 790  73  77  22  26  0.18452819E-01      0.000000      0.9975E+02
 791  77  73  66  70  0.13756254E+01      0.000000      0.1000E+03
 792  23  27  22  26  0.14450723E+02      0.000000      0.9904E+02
 793  23  27  25  29  0.33090201E+01      0.000000      0.9973E+02
 794  23  27  66  70  0.27311252E-01      0.000000      0.9971E+02
 795  29  25  22  26  0.47049035E+01      0.000000      0.9937E+02
 796  25  29  66  70  0.23547553E-01      0.000000      0.9974E+02
 797  25  29  67  71  0.25821938E-01      0.000000      0.9972E+02
 798  24  28  23  27  0.14507928E+02      0.000000      0.9943E+02
 799  24  28  68  72  0.28580630E-01      0.000000      0.9972E+02
 800  24  28  69  73  0.29016300E-01      0.000000      0.9971E+02
 801  30  26  23  27  0.46779681E+01      0.000000      0.9881E+02
 802  26  30  28  32  0.33237494E+01      0.000000      0.1001E+03
 803  26  30  69  73  0.27751052E-01      0.000000      0.9972E+02
 804  32  28  23  27  0.70219189E+01      0.000000      0.9931E+02
 805  28  32  68  72  0.21356844E-01      0.000000      0.9974E+02
 806  28  32  69  73  0.24032405E-01      0.000000      0.9973E+02
 807  68  72  23  27  0.28872991E-01      0.000000      0.9972E+02
 808  68  72  69  73  0.14390542E+02      0.000000      0.9862E+02
 809  69  73  23  27  0.28578462E-01      0.000000      0.9971E+02
 810  70  74  23  27  0.27587606E-01      0.000000      0.9971E+02
 811  70  74  24  28  0.28730060E-01      0.000000      0.9971E+02
 812  70  74  72  76  0.33144998E+01      0.000000      0.9987E+02
 813  70  74  69  73  0.14435630E+02      0.000000      0.9893E+02
 814  71  75  23  27  0.25976321E-01      0.000000      0.9972E+02
 815  71  75  73  77  0.33128160E+01      0.000000      0.9981E+02
 816  72  76  23  27  0.23850801E-01      0.000000      0.9972E+02
 817  72  76  24  28  0.26144580E-01      0.000000      0.9971E+02
 818  76  72  69  73  0.46506818E+01      0.000000      0.9824E+02
 819  73  77  23  27  0.21357257E-01      0.000000      0.9975E+02
 820  73  77  24  28  0.24033290E-01      0.000000      0.9973E+02
 821  77  73  68  72  0.69839607E+01      0.000000      0.9877E+02
 822  25  29  24  28  0.14438248E+02      0.000000      0.9895E+02
 823  25  29  27  31  0.33011017E+01      0.000000      0.9947E+02
 824  25  29  68  72  0.27594331E-01      0.000000      0.9974E+02
 825  25  29  69  73  0.28735452E-01      0.000000      0.9973E+02
 826  31  27  24  28  0.46901337E+01      0.000000      0.9908E+02
 827  27  31  69  73  0.26151991E-01      0.000000      0.9974E+02
 828  26  30  25  29  0.14469033E+02      0.000000      0.9916E+02
 829  26  30  70  74  0.28901675E-01      0.000000      0.9971E+02
 830  32  28  25  29  0.46278300E+01      0.000000      0.9777E+02
 831  70  74  25  29  0.29180275E-01      0.000000      0.9972E+02
 832  70  74  71  75  0.14444782E+02      0.000000      0.9899E+02
 833  71  75  25  29  0.28906147E-01      0.000000      0.9973E+02
 834  72  76  25  29  0.27932831E-01      0.000000      0.9972E+02
 835  72  76  71  75  0.14396574E+02      0.000000      0.9866E+02
 836  73  77  25  29  0.26340838E-01      0.000000      0.9974E+02
 837  73  77  26  30  0.28133775E-01      0.000000      0.9972E+02
 838  77  73  70  74  0.46716582E+01      0.000000      0.9869E+02
 839  27  31  26  30  0.14400507E+02      0.000000      0.9868E+02
 840  27  31  70  74  0.27934444E-01      0.000000      0.9973E+02
 841  28  32  27  31  0.14446429E+02      0.000000      0.9900E+02
 842  72  76  73  77  0.14427594E+02      0.000000      0.9887E+02
 843  15  19  17  21  0.33117548E+01      0.000000      0.9985E+02
 844  15  19  60  64  0.28124412E-01      0.000000      0.9969E+02
 845  16  20  14  18  0.33064497E+01      0.000000      0.9969E+02
 846  19  23  17  21  0.33019914E+01      0.000000      0.9955E+02
 847  24  20  14  18  0.26479269E+01      0.000000      0.9987E+02
 848  23  27  60  64  0.11924165E-01      0.000000      0.9978E+02
 849  24  28  59  63  0.66813638E-02      0.000000      0.9993E+02
 850  24  28  60  64  0.92414594E-02      0.000000      0.9983E+02
 851  33  29  14  18  0.99528046E-01      0.000000      0.9979E+02
 852  33  29  15  19  0.12413161E+00      0.000000      0.9977E+02
 853  34  30  14  18  0.80882784E-01      0.000000      0.9986E+02
 854  34  30  15  19  0.99367956E-01      0.000000      0.9984E+02
 855  35  31  14  18  0.66492168E-01      0.000000      0.9987E+02
 856  35  31  15  19  0.80643599E-01      0.000000      0.9984E+02
 857  36  32  14  18  0.55261331E-01      0.000000      0.9994E+02
 858  36  32  15  19  0.66289748E-01      0.000000      0.9992E+02
 859  36  32  59  63  0.33841760E-02      0.000000      0.9961E+02
 860  36  32  60  64  0.28103238E-02      0.000000      0.9958E+02
 861  37  33  14  18  0.46300786E-01      0.000000      0.9997E+02
 862  37  33  15  19  0.55012437E-01      0.000000      0.9996E+02
 863  38  34  14  18  0.39063906E-01      0.000000      0.9999E+02
 864  38  34  15  19  0.46027964E-01      0.000000      0.9998E+02
 865  39  35  14  18  0.33142596E-01      0.000000      0.1000E+03
 866  39  35  15  19  0.38766180E-01      0.000000      0.1000E+03
 867  40  36  14  18  0.28239443E-01      0.000000      0.1000E+03
 868  40  36  15  19  0.32819136E-01      0.000000      0.1000E+03
 869  41  37  14  18  0.24131900E-01      0.000000      0.1000E+03
 870  45  41  14  18  0.12840630E-01      0.000000      0.1001E+03
 871  59  63  14  18  0.28074630E-01      0.000000      0.9972E+02
 872  59  63  60  64  0.14395324E+02      0.000000      0.9866E+02
 873  60  64  62  66  0.33211024E+01      0.000000      0.1001E+03
 874  61  65  60  64  0.14435153E+02      0.000000      0.9894E+02
 875  63  67  61  65  0.33128406E+01      0.000000      0.9988E+02
 876  64  68  62  66  0.33073261E+01      0.000000      0.9971E+02
 877  69  65  59  63  0.26391040E+01      0.000000      0.9954E+02
 878  70  66  60  64  0.26518644E+01      0.000000      0.1000E+03
 879  67  71  14  18  0.11846791E-01      0.000000      0.9985E+02
 880  78  74  59  63  0.99519122E-01      0.000000      0.9978E+02
 881  78  74  60  64  0.12409444E+00      0.000000      0.9974E+02
 882  79  75  59  63  0.80852223E-01      0.000000      0.9982E+02
 883  79  75  60  64  0.99306507E-01      0.000000      0.9978E+02
 884  80  76  59  63  0.66487185E-01      0.000000      0.9986E+02
 885  80  76  60  64  0.80621279E-01      0.000000      0.9981E+02
 886  81  77  15  19  0.28100932E-02      0.000000      0.9957E+02
 887  81  77  59  63  0.55238328E-01      0.000000      0.9990E+02
 888  81  77  60  64  0.66246881E-01      0.000000      0.9986E+02
 889  82  78  14  18  0.36661193E-02      0.000000      0.9964E+02
 890  82  78  15  19  0.32379115E-02      0.000000      0.9956E+02
 891  82  78  59  63  0.46279577E-01      0.000000      0.9992E+02
 892  82  78  60  64  0.54974602E-01      0.000000      0.9989E+02
 893  83  79  14  18  0.38166364E-02      0.000000      0.9964E+02
 894  83  79  15  19  0.35104426E-02      0.000000      0.9957E+02
 895  83  79  59  63  0.39048539E-01      0.000000      0.9995E+02
 896  83  79  60  64  0.45999822E-01      0.000000      0.9992E+02
 897  86  82  15  19  0.36379820E-02      0.000000      0.9966E+02
 898  18  22  16  20  0.33107007E+01      0.000000      0.9981E+02
 899  17  21  62  66  0.28269690E-01      0.000000      0.9973E+02
 900  26  22  16  20  0.26451665E+01      0.000000      0.9977E+02
 901  22  26  62  66  0.20559067E-01      0.000000      0.9973E+02
 902  24  28  62  66  0.14939397E-01      0.000000      0.9976E+02
 903  33  29  16  20  0.15759893E+00      0.000000      0.9973E+02
 904  33  29  17  21  0.20459310E+00      0.000000      0.9975E+02
 905  34  30  16  20  0.12392357E+00      0.000000      0.9978E+02
 906  34  30  17  21  0.15743727E+00      0.000000      0.9978E+02
 907  34  30  62  66  0.12888196E-02   3141.592654      0.1001E+03
 908  35  31  16  20  0.99068306E-01      0.000000      0.9978E+02
 909  35  31  17  21  0.12362196E+00      0.000000      0.9975E+02
 910  36  32  16  20  0.80406591E-01      0.000000      0.9987E+02
 911  36  32  17  21  0.98848254E-01      0.000000      0.9984E+02
 912  37  33  16  20  0.66001391E-01      0.000000      0.9991E+02
 913  37  33  17  21  0.80114604E-01      0.000000      0.9988E+02
 914  38  34  16  20  0.54701379E-01      0.000000      0.9994E+02
 915  38  34  17  21  0.65678983E-01      0.000000      0.9992E+02
 916  39  35  16  20  0.45692676E-01      0.000000      0.9997E+02
 917  39  35  17  21  0.54349035E-01      0.000000      0.9995E+02
 918  40  36  16  20  0.38405118E-01      0.000000      0.9999E+02
 919  40  36  17  21  0.45309674E-01      0.000000      0.9998E+02
 920  40  36  61  65  0.34746693E-02      0.000000      0.9963E+02
 921  41  37  16  20  0.32427704E-01      0.000000      0.1000E+03
 922  42  38  16  20  0.27455478E-01      0.000000      0.1000E+03
 923  61  65  16  20  0.28196087E-01      0.000000      0.9972E+02
 924  61  65  62  66  0.14495226E+02      0.000000      0.9935E+02
 925  63  67  62  66  0.14461298E+02      0.000000      0.9912E+02
 926  66  70  16  20  0.20478360E-01      0.000000      0.9977E+02
 927  67  71  16  20  0.17706804E-01      0.000000      0.9979E+02
 928  71  67  61  65  0.26412735E+01      0.000000      0.9963E+02
 929  72  68  62  66  0.26445444E+01      0.000000      0.9975E+02
 930  76  72  61  65  0.27299159E+00      0.000000      0.9971E+02
 931  78  74  61  65  0.15754545E+00      0.000000      0.9969E+02
 932  78  74  62  66  0.20458011E+00      0.000000      0.9974E+02
 933  79  75  17  21  0.12902691E-02   3141.592654      0.1003E+03
 934  79  75  61  65  0.12383826E+00      0.000000      0.9971E+02
 935  79  75  62  66  0.15735838E+00      0.000000      0.9973E+02
 936  80  76  17  21  0.29142242E-04      0.000000      0.8285E+02
 937  80  76  61  65  0.99038989E-01      0.000000      0.9975E+02
 938  80  76  62  66  0.12361156E+00      0.000000      0.9974E+02
 939  81  77  16  20  0.20513038E-02      0.000000      0.9946E+02
 940  81  77  17  21  0.10823316E-02      0.000000      0.9938E+02
 941  81  77  61  65  0.80350202E-01      0.000000      0.9980E+02
 942  81  77  62  66  0.98792156E-01      0.000000      0.9978E+02
 943  82  78  16  20  0.26547297E-02      0.000000      0.9948E+02
 944  82  78  17  21  0.18901367E-02      0.000000      0.9946E+02
 945  82  78  61  65  0.65952294E-01      0.000000      0.9983E+02
 946  82  78  62  66  0.80063352E-01      0.000000      0.9982E+02
 947  83  79  16  20  0.30746799E-02      0.000000      0.9950E+02
 948  83  79  17  21  0.24850772E-02      0.000000      0.9950E+02
 949  83  79  61  65  0.54665432E-01      0.000000      0.9988E+02
 950  83  79  62  66  0.65641947E-01      0.000000      0.9986E+02
 951  84  80  16  20  0.33394425E-02      0.000000      0.9955E+02
 952  84  80  61  65  0.45672576E-01      0.000000      0.9993E+02
 953  84  80  62  66  0.54330315E-01      0.000000      0.9992E+02
 954  86  82  16  20  0.34992735E-02      0.000000      0.9963E+02
 955  23  19  25  29  0.26451676E+01      0.000000      0.9979E+02
 956  28  24  18  22  0.26426688E+01      0.000000      0.9969E+02
 957  26  30  63  67  0.12239185E-01      0.000000      0.9977E+02
 958  27  31  63  67  0.95740574E-02      0.000000      0.9982E+02
 959  33  29  18  22  0.27260757E+00      0.000000      0.9973E+02
 960  33  29  19  23  0.37591703E+00      0.000000      0.9983E+02
 961  34  30  18  22  0.20430095E+00      0.000000      0.9973E+02
 962  35  31  18  22  0.15699167E+00      0.000000      0.9967E+02
 963  36  32  18  22  0.12332804E+00      0.000000      0.9975E+02
 964  37  33  18  22  0.98479202E-01      0.000000      0.9980E+02
 965  37  33  19  23  0.12298449E+00      0.000000      0.9977E+02
 966  38  34  18  22  0.79723403E-01      0.000000      0.9984E+02
 967  39  35  18  22  0.65264080E-01      0.000000      0.9988E+02
 968  40  36  18  22  0.53907387E-01      0.000000      0.9992E+02
 969  63  67  18  22  0.28341237E-01      0.000000      0.9972E+02
 970  63  67  64  68  0.14435662E+02      0.000000      0.9894E+02
 971  65  69  18  22  0.26996126E-01      0.000000      0.9971E+02
 972  65  69  64  68  0.14411138E+02      0.000000      0.9877E+02
 973  69  73  18  22  0.17902470E-01      0.000000      0.9977E+02
 974  73  77  18  22  0.71246157E-02      0.000000      0.9989E+02
 975  78  74  63  67  0.27276442E+00      0.000000      0.9979E+02
 976  78  74  64  68  0.37598337E+00      0.000000      0.9985E+02
 977  79  75  63  67  0.20430779E+00      0.000000      0.9973E+02
 978  79  75  64  68  0.27241424E+00      0.000000      0.9976E+02
 979  80  76  63  67  0.15706842E+00      0.000000      0.9972E+02
 980  80  76  64  68  0.20396097E+00      0.000000      0.9971E+02
 981  81  77  63  67  0.12331682E+00      0.000000      0.9975E+02
 982  81  77  64  68  0.15673094E+00      0.000000      0.9971E+02
 983  82  78  18  22  0.90872584E-03      0.000000      0.9900E+02
 984  82  78  63  67  0.98459376E-01      0.000000      0.9978E+02
 985  82  78  64  68  0.12293857E+00      0.000000      0.9973E+02
 986  83  79  63  67  0.79712050E-01      0.000000      0.9982E+02
 987  83  79  64  68  0.98066888E-01      0.000000      0.9977E+02
 988  84  80  63  67  0.65268977E-01      0.000000      0.9988E+02
 989  84  80  64  68  0.79300868E-01      0.000000      0.9984E+02
 990  85  81  63  67  0.53914580E-01      0.000000      0.9993E+02
 991  87  83  63  67  0.37467289E-01      0.000000      0.9997E+02
 992  87  83  64  68  0.44276093E-01      0.000000      0.9994E+02
 993  25  21  27  31  0.26444665E+01      0.000000      0.9978E+02
 994  30  26  20  24  0.26502207E+01      0.000000      0.9999E+02
 995  33  29  20  24  0.54112708E+00      0.000000      0.9991E+02
 996  33  29  21  25  0.82562095E+00      0.000000      0.9992E+02
 997  35  31  20  24  0.27195281E+00      0.000000      0.9971E+02
 998  35  31  21  25  0.37496515E+00      0.000000      0.9975E+02
 999  36  32  20  24  0.20367483E+00      0.000000      0.9975E+02
1000  36  32  66  70  0.54530999E-02   3141.592654      0.9992E+02
1001  37  33  20  24  0.15638412E+00      0.000000      0.9974E+02
1002  37  33  21  25  0.20320471E+00      0.000000      0.9972E+02
1003  65  69  66  70  0.14412224E+02      0.000000      0.9878E+02
1004  67  71  66  70  0.14459047E+02      0.000000      0.9910E+02
1005  78  74  65  69  0.54127305E+00      0.000000      0.9994E+02
1006  78  74  66  70  0.82631664E+00      0.000000      0.1000E+03
1007  79  75  65  69  0.37567208E+00      0.000000      0.9984E+02
1008  79  75  66  70  0.54093080E+00      0.000000      0.9994E+02
1009  80  76  65  69  0.27208980E+00      0.000000      0.9976E+02
1010  80  76  66  70  0.37531071E+00      0.000000      0.9984E+02
1011  81  77  20  24  0.33831497E-02   3141.592654      0.9994E+02
1012  81  77  65  69  0.20363657E+00      0.000000      0.9973E+02
1013  81  77  66  70  0.27173032E+00      0.000000      0.9977E+02
1014  82  78  65  69  0.15634205E+00      0.000000      0.9971E+02
1015  82  78  66  70  0.20318876E+00      0.000000      0.9971E+02
1016  83  79  65  69  0.12253023E+00      0.000000      0.9974E+02
1017  83  79  66  70  0.15587969E+00      0.000000      0.9971E+02
1018  84  80  65  69  0.97637058E-01      0.000000      0.9980E+02
1019  84  80  66  70  0.12205300E+00      0.000000      0.9976E+02
1020  24  28  66  70  0.25684456E-01      0.000000      0.9972E+02
1021  27  23  29  33  0.26408619E+01      0.000000      0.9967E+02
1022  23  27  68  72  0.28872991E-01      0.000000      0.9972E+02
1023  27  31  68  72  0.23859203E-01      0.000000      0.9976E+02
1024  32  28  22  26  0.26486591E+01      0.000000      0.9995E+02
1025  33  29  22  26  0.13742517E+01      0.000000      0.9994E+02
1026  34  30  22  26  0.82629501E+00      0.000000      0.1000E+03
1027  34  30  23  27  0.13747023E+01      0.000000      0.1000E+03
1028  35  31  22  26  0.54011349E+00      0.000000      0.9986E+02
1029  35  31  23  27  0.82429905E+00      0.000000      0.9986E+02
1030  36  32  22  26  0.37503838E+00      0.000000      0.9988E+02
1031  36  32  23  27  0.54023370E+00      0.000000      0.9997E+02
1032  37  33  22  26  0.27133080E+00      0.000000      0.9979E+02
1033  37  33  23  27  0.37447112E+00      0.000000      0.9987E+02
1034  38  34  22  26  0.20272354E+00      0.000000      0.9973E+02
1035  38  34  23  27  0.27069610E+00      0.000000      0.9976E+02
1036  39  35  22  26  0.15534011E+00      0.000000      0.9972E+02
1037  39  35  23  27  0.20206993E+00      0.000000      0.9971E+02
1038  40  36  22  26  0.12142632E+00      0.000000      0.9975E+02
1039  40  36  23  27  0.15465564E+00      0.000000      0.9971E+02
1040  41  37  22  26  0.96401609E-01      0.000000      0.9979E+02
1041  41  37  23  27  0.12067971E+00      0.000000      0.9974E+02
1042  42  38  23  27  0.95542965E-01      0.000000      0.9975E+02
1043  43  39  23  27  0.76509099E-01      0.000000      0.9980E+02
1044  72  68  74  78  0.26389942E+01      0.000000      0.9960E+02
1045  69  73  68  72  0.14390542E+02      0.000000      0.9862E+02
1046  72  76  22  26  0.21182214E-01      0.000000      0.9973E+02
1047  74  78  22  26  0.15633112E-01      0.000000      0.9976E+02
1048  74  78  23  27  0.18632160E-01      0.000000      0.9975E+02
1049  78  74  67  71  0.13735708E+01      0.000000      0.9989E+02
1050  75  79  23  27  0.15824890E-01      0.000000      0.9976E+02
1051  79  75  67  71  0.82527807E+00      0.000000      0.9993E+02
1052  79  75  68  72  0.13723406E+01      0.000000      0.9983E+02
1053  76  80  23  27  0.13056492E-01      0.000000      0.9976E+02
1054  80  76  67  71  0.54028232E+00      0.000000      0.9989E+02
1055  80  76  68  72  0.82474342E+00      0.000000      0.9991E+02
1056  81  77  23  27  0.10438302E-01   3141.592654      0.9982E+02
1057  81  77  67  71  0.37481128E+00      0.000000      0.9982E+02
1058  81  77  68  72  0.53988456E+00      0.000000      0.9990E+02
1059  82  78  23  27  0.80370403E-02   3141.592654      0.9987E+02
1060  82  78  67  71  0.27116061E+00      0.000000      0.9973E+02
1061  82  78  68  72  0.37422873E+00      0.000000      0.9980E+02
1062  83  79  23  27  0.59042915E-02   3141.592654      0.9994E+02
1063  83  79  67  71  0.20264191E+00      0.000000      0.9969E+02
1064  83  79  68  72  0.27059717E+00      0.000000      0.9973E+02
1065  84  80  68  72  0.20209847E+00      0.000000      0.9973E+02
1066  85  81  68  72  0.15469498E+00      0.000000      0.9974E+02
1067  86  82  23  27  0.12723959E-02   3141.592654      0.1008E+03
1068  86  82  67  71  0.96401567E-01      0.000000      0.9979E+02
1069  88  84  23  27  0.44894591E-03      0.000000      0.9759E+02
1070  89  85  23  27  0.96932471E-03      0.000000      0.9872E+02
1071  26  30  68  72  0.25978066E-01      0.000000      0.9973E+02
1072  29  25  31  35  0.26295188E+01      0.000000      0.9928E+02
1073  25  29  70  74  0.29180275E-01      0.000000      0.9972E+02
1074  27  31  29  33  0.33202657E+01      0.000000      0.1000E+03
1075  33  29  24  28  0.69630749E+01      0.000000      0.9848E+02
1076  34  30  24  28  0.26433216E+01      0.000000      0.9978E+02
1077  34  30  25  29  0.69805281E+01      0.000000      0.9874E+02
1078  35  31  24  28  0.13705139E+01      0.000000      0.9973E+02
1079  36  32  24  28  0.82507837E+00      0.000000      0.1000E+03
1080  36  32  25  29  0.13730784E+01      0.000000      0.9995E+02
1081  37  33  24  28  0.53961056E+00      0.000000      0.9995E+02
1082  37  33  25  29  0.82423073E+00      0.000000      0.9999E+02
1083  38  34  24  28  0.37375412E+00      0.000000      0.9984E+02
1084  38  34  25  29  0.53866789E+00      0.000000      0.9990E+02
1085  39  35  24  28  0.26998243E+00      0.000000      0.9975E+02
1086  39  35  25  29  0.37290617E+00      0.000000      0.9981E+02
1087  40  36  24  28  0.20133185E+00      0.000000      0.9971E+02
1088  40  36  25  29  0.26914603E+00      0.000000      0.9974E+02
1089  41  37  24  28  0.15384524E+00      0.000000      0.9972E+02
1090  41  37  25  29  0.20042227E+00      0.000000      0.9971E+02
1091  42  38  24  28  0.11972893E+00      0.000000      0.9971E+02
1092  42  38  25  29  0.15276290E+00      0.000000      0.9967E+02
1093  43  39  24  28  0.94532852E-01      0.000000      0.9975E+02
1094  44  40  24  28  0.75402852E-01      0.000000      0.9983E+02
1095  69  73  24  28  0.29016300E-01      0.000000      0.9971E+02
1096  73  69  75  79  0.26413347E+01      0.000000      0.9971E+02
1097  69  73  70  74  0.14435630E+02      0.000000      0.9893E+02
1098  74  70  76  80  0.26414833E+01      0.000000      0.9973E+02
1099  71  75  24  28  0.27750310E-01      0.000000      0.9972E+02
1100  71  75  70  74  0.14444782E+02      0.000000      0.9899E+02
1101  72  76  74  78  0.33073472E+01      0.000000      0.9963E+02
1102  74  78  24  28  0.21544776E-01      0.000000      0.9973E+02
1103  74  78  25  29  0.24235718E-01      0.000000      0.9974E+02
1104  78  74  69  73  0.70081743E+01      0.000000      0.9912E+02
1105  75  79  24  28  0.18833137E-01      0.000000      0.9975E+02
1106  75  79  25  29  0.21761694E-01      0.000000      0.9975E+02
1107  79  75  70  74  0.69905627E+01      0.000000      0.9888E+02
1108  76  80  24  28  0.16033459E-01      0.000000      0.9974E+02
1109  76  80  25  29  0.19056412E-01      0.000000      0.9974E+02
1110  80  76  69  73  0.13734171E+01      0.000000      0.9994E+02
1111  81  77  69  73  0.82510609E+00      0.000000      0.1000E+03
1112  81  77  70  74  0.13735861E+01      0.000000      0.9999E+02
1113  82  78  24  28  0.10675152E-01   3141.592654      0.9982E+02
1114  82  78  69  73  0.53952720E+00      0.000000      0.9994E+02
1115  82  78  70  74  0.82421008E+00      0.000000      0.9998E+02
1116  83  79  24  28  0.82866468E-02   3141.592654      0.9986E+02
1117  83  79  25  29  0.10940831E-01   3141.592654      0.9984E+02
1118  83  79  69  73  0.37377614E+00      0.000000      0.9984E+02
1119  83  79  70  74  0.53874753E+00      0.000000      0.9992E+02
1120  84  80  24  28  0.61701279E-02   3141.592654      0.9998E+02
1121  84  80  25  29  0.85697443E-02   3141.592654      0.9994E+02
1122  84  80  69  73  0.27013494E+00      0.000000      0.9980E+02
1123  84  80  70  74  0.37316291E+00      0.000000      0.9988E+02
1124  85  81  24  28  0.43398682E-02   3141.592654      0.1000E+03
1125  85  81  69  73  0.20145678E+00      0.000000      0.9977E+02
1126  31  27  33  37  0.26380093E+01      0.000000      0.9965E+02
1127  33  29  26  30  0.46436709E+01      0.000000      0.9811E+02
1128  29  33  31  35  0.33073032E+01      0.000000      0.9959E+02
1129  35  31  26  30  0.69346961E+01      0.000000      0.9810E+02
1130  36  32  26  30  0.26488970E+01      0.000000      0.1000E+03
1131  36  32  27  31  0.69684102E+01      0.000000      0.9858E+02
1132  37  33  26  30  0.13742557E+01      0.000000      0.1001E+03
1133  38  34  26  30  0.82386378E+00      0.000000      0.1000E+03
1134  38  34  27  31  0.13691963E+01      0.000000      0.9978E+02
1135  39  35  26  30  0.53813991E+00      0.000000      0.9996E+02
1136  39  35  27  31  0.82154843E+00      0.000000      0.9986E+02
1137  40  36  26  30  0.37224215E+00      0.000000      0.9987E+02
1138  40  36  27  31  0.53661695E+00      0.000000      0.9986E+02
1139  41  37  26  30  0.26829564E+00      0.000000      0.9980E+02
1140  41  37  27  31  0.37085878E+00      0.000000      0.9981E+02
1141  42  38  26  30  0.19928651E+00      0.000000      0.9971E+02
1142  42  38  27  31  0.26670642E+00      0.000000      0.9968E+02
1143  43  39  26  30  0.15155275E+00      0.000000      0.9970E+02
1144  43  39  27  31  0.19774701E+00      0.000000      0.9965E+02
1145  44  40  27  31  0.14992670E+00      0.000000      0.9969E+02
1146  45  41  27  31  0.11541636E+00      0.000000      0.9975E+02
1147  71  75  26  30  0.29359457E-01      0.000000      0.9972E+02
1148  75  71  77  81  0.26416176E+01      0.000000      0.9976E+02
1149  71  75  72  76  0.14396574E+02      0.000000      0.9866E+02
1150  76  72  78  82  0.26396136E+01      0.000000      0.9971E+02
1151  73  77  75  79  0.33091489E+01      0.000000      0.9966E+02
1152  73  77  72  76  0.14427594E+02      0.000000      0.9887E+02
1153  74  78  26  30  0.26550467E-01      0.000000      0.9972E+02
1154  74  78  27  31  0.28357670E-01      0.000000      0.9972E+02
1155  78  74  71  75  0.46567024E+01      0.000000      0.9839E+02
1156  74  78  76  80  0.33134255E+01      0.000000      0.9977E+02
1157  75  79  26  30  0.24462029E-01      0.000000      0.9974E+02
1158  75  79  27  31  0.26790298E-01      0.000000      0.9974E+02
1159  79  75  72  76  0.46215533E+01      0.000000      0.9766E+02
1160  76  80  27  31  0.24705379E-01      0.000000      0.9972E+02
1161  80  76  71  75  0.69535275E+01      0.000000      0.9836E+02
1162  77  81  27  31  0.22263842E-01      0.000000      0.9976E+02
1163  81  77  72  76  0.69906190E+01      0.000000      0.9890E+02
1164  78  82  27  31  0.19587198E-01      0.000000      0.9976E+02
1165  82  78  71  75  0.13720967E+01      0.000000      0.9993E+02
1166  79  83  27  31  0.16830752E-01      0.000000      0.9978E+02
1167  83  79  71  75  0.82323250E+00      0.000000      0.9995E+02
1168  83  79  72  76  0.13704429E+01      0.000000      0.9987E+02
1169  84  80  71  75  0.53819834E+00      0.000000      0.9997E+02
1170  84  80  72  76  0.82272427E+00      0.000000      0.1000E+03
1171  85  81  71  75  0.37232439E+00      0.000000      0.9990E+02
1172  85  81  72  76  0.53724548E+00      0.000000      0.9998E+02
1173  86  82  72  76  0.37113376E+00      0.000000      0.9988E+02
1174  28  32  30  34  0.33070626E+01      0.000000      0.9960E+02
1175  34  30  27  31  0.46012486E+01      0.000000      0.9723E+02
1176  29  33  28  32  0.14451585E+02      0.000000      0.9903E+02
1177  33  29  35  39  0.26427832E+01      0.000000      0.9991E+02
1178  29  33  74  78  0.30034237E-01      0.000000      0.9972E+02
1179  35  31  28  32  0.46363273E+01      0.000000      0.9798E+02
1180  31  35  33  37  0.33179673E+01      0.000000      0.9985E+02
1181  31  35  74  78  0.28887741E-01      0.000000      0.9974E+02
1182  37  33  28  32  0.70333881E+01      0.000000      0.9951E+02
1183  33  37  73  77  0.22554742E-01      0.000000      0.9976E+02
1184  33  37  74  78  0.25296881E-01      0.000000      0.9976E+02
1185  38  34  28  32  0.26409865E+01      0.000000      0.9980E+02
1186  38  34  29  33  0.70334760E+01      0.000000      0.9953E+02
1187  34  38  73  77  0.19895428E-01      0.000000      0.9978E+02
1188  39  35  28  32  0.13707697E+01      0.000000      0.9997E+02
1189  35  39  73  77  0.17156969E-01      0.000000      0.9983E+02
1190  40  36  28  32  0.82197804E+00      0.000000      0.1000E+03
1191  40  36  29  33  0.13714565E+01      0.000000      0.1001E+03
1192  36  40  73  77  0.14456754E-01      0.000000      0.9985E+02
1193  41  37  28  32  0.53618076E+00      0.000000      0.1000E+03
1194  41  37  29  33  0.82138166E+00      0.000000      0.1002E+03
1195  37  41  73  77  0.11905141E-01      0.000000      0.9992E+02
1196  42  38  28  32  0.36960072E+00      0.000000      0.9985E+02
1197  42  38  29  33  0.53439659E+00      0.000000      0.9998E+02
1198  43  39  28  32  0.26533641E+00      0.000000      0.9977E+02
1199  43  39  29  33  0.36789678E+00      0.000000      0.9988E+02
1200  39  43  73  77  0.74984761E-02      0.000000      0.1000E+03
1201  44  40  28  32  0.19616024E+00      0.000000      0.9976E+02
1202  45  41  28  32  0.14801565E+00      0.000000      0.9979E+02
1203  45  41  29  33  0.19392564E+00      0.000000      0.9982E+02
1204  77  73  79  83  0.26378120E+01      0.000000      0.9968E+02
1205  73  77  74  78  0.14471475E+02      0.000000      0.9916E+02
1206  74  78  28  32  0.29538566E-01      0.000000      0.9970E+02
1207  78  74  80  84  0.26379238E+01      0.000000      0.9972E+02
1208  75  79  28  32  0.28606638E-01      0.000000      0.9972E+02
1209  75  79  29  33  0.29811127E-01      0.000000      0.9974E+02
1210  75  79  77  81  0.33173516E+01      0.000000      0.9986E+02
1211  75  79  74  78  0.14418218E+02      0.000000      0.9879E+02
1212  76  80  28  32  0.27044018E-01      0.000000      0.9970E+02
1213  76  80  29  33  0.28882659E-01      0.000000      0.9972E+02
1214  80  76  73  77  0.46555620E+01      0.000000      0.9839E+02
1215  76  80  78  82  0.33189750E+01      0.000000      0.9988E+02
1216  77  81  28  32  0.24989572E-01      0.000000      0.9975E+02
1217  77  81  29  33  0.27351169E-01      0.000000      0.9976E+02
1218  81  77  74  78  0.46734929E+01      0.000000      0.9878E+02
1219  78  82  28  32  0.22551597E-01      0.000000      0.9975E+02
1220  78  82  29  33  0.25297341E-01      0.000000      0.9976E+02
1221  82  78  73  77  0.70092075E+01      0.000000      0.9917E+02
1222  79  83  28  32  0.19892820E-01      0.000000      0.9977E+02
1223  79  83  29  33  0.22876822E-01      0.000000      0.9978E+02
1224  83  79  74  78  0.69708216E+01      0.000000      0.9864E+02
1225  80  84  28  32  0.17158369E-01      0.000000      0.9983E+02
1226  84  80  73  77  0.13707875E+01      0.000000      0.9997E+02
1227  81  85  28  32  0.14455707E-01      0.000000      0.9984E+02
1228  85  81  73  77  0.82187122E+00      0.000000      0.1000E+03
1229  85  81  74  78  0.13696971E+01      0.000000      0.9998E+02
1230  82  86  28  32  0.11906026E-01      0.000000      0.9993E+02
1231  86  82  73  77  0.53592719E+00      0.000000      0.9997E+02
1232  86  82  74  78  0.82014236E+00      0.000000      0.1000E+03
1233  87  83  73  77  0.36965565E+00      0.000000      0.9987E+02
1234  87  83  74  78  0.53413673E+00      0.000000      0.9994E+02
1235  84  88  28  32  0.74996341E-02      0.000000      0.1000E+03
1236  88  84  73  77  0.26543431E+00      0.000000      0.9980E+02
1237  89  85  73  77  0.19610214E+00      0.000000      0.9973E+02
1238  90  86  73  77  0.14795799E+00      0.000000      0.9975E+02
1239  30  34  29  33  0.14468811E+02      0.000000      0.9914E+02
1240  30  34  32  36  0.33269124E+01      0.000000      0.1001E+03
1241  36  32  29  33  0.46968417E+01      0.000000      0.9928E+02
1242  31  35  30  34  0.14396168E+02      0.000000      0.9864E+02
1243  35  31  37  41  0.26445519E+01      0.000000      0.1001E+03
1244  31  35  75  79  0.30107127E-01      0.000000      0.9975E+02
1245  37  33  30  34  0.46936010E+01      0.000000      0.9923E+02
1246  33  37  75  79  0.27671390E-01      0.000000      0.9977E+02
1247  33  37  76  80  0.29526901E-01      0.000000      0.9975E+02
1248  39  35  30  34  0.69998455E+01      0.000000      0.9907E+02
1249  35  39  75  79  0.23233016E-01      0.000000      0.9983E+02
1250  40  36  30  34  0.26432264E+01      0.000000      0.9998E+02
1251  40  36  31  35  0.70173668E+01      0.000000      0.9934E+02
1252  41  37  30  34  0.13705388E+01      0.000000      0.1002E+03
1253  42  38  30  34  0.81854456E+00      0.000000      0.1000E+03
1254  43  39  30  34  0.53217414E+00      0.000000      0.9995E+02
1255  44  40  30  34  0.36561820E+00      0.000000      0.9990E+02
1256  45  41  30  34  0.26080654E+00      0.000000      0.9985E+02
1257  75  79  30  34  0.30321986E-01      0.000000      0.9975E+02
1258  79  75  81  85  0.26381511E+01      0.000000      0.9979E+02
1259  75  79  76  80  0.14394348E+02      0.000000      0.9863E+02
1260  76  80  30  34  0.30100913E-01      0.000000      0.9973E+02
1261  77  81  30  34  0.29203416E-01      0.000000      0.9977E+02
1262  77  81  31  35  0.30431364E-01      0.000000      0.9977E+02
1263  77  81  79  83  0.33127537E+01      0.000000      0.9965E+02
1264  77  81  76  80  0.14499499E+02      0.000000      0.9934E+02
1265  78  82  30  34  0.27670016E-01      0.000000      0.9977E+02
1266  78  82  31  35  0.29531680E-01      0.000000      0.9976E+02
1267  82  78  75  79  0.46363825E+01      0.000000      0.9802E+02
1268  78  82  80  84  0.33120541E+01      0.000000      0.9957E+02
1269  79  83  30  34  0.25633557E-01      0.000000      0.9978E+02
1270  79  83  31  35  0.28017134E-01      0.000000      0.9977E+02
1271  83  79  76  80  0.46465901E+01      0.000000      0.9826E+02
1272  80  84  30  34  0.23232974E-01      0.000000      0.9983E+02
1273  84  80  75  79  0.69803179E+01      0.000000      0.9879E+02
1274  85  81  76  80  0.70464994E+01      0.000000      0.9975E+02
1275  86  82  75  79  0.13673044E+01      0.000000      0.9993E+02
1276  87  83  75  79  0.81792123E+00      0.000000      0.9995E+02
1277  32  36  31  35  0.14448219E+02      0.000000      0.9899E+02
1278  32  36  75  79  0.29206807E-01      0.000000      0.9979E+02
1279  38  34  31  35  0.46666889E+01      0.000000      0.9869E+02
1280  34  38  75  79  0.25635761E-01      0.000000      0.9979E+02
1281  33  37  32  36  0.14535465E+02      0.000000      0.9958E+02
1282  37  33  39  43  0.26338603E+01      0.000000      0.9990E+02
1283  33  37  78  82  0.31313751E-01      0.000000      0.9975E+02
1284  39  35  32  36  0.46813576E+01      0.000000      0.9903E+02
1285  35  39  78  82  0.30271556E-01      0.000000      0.9978E+02
1286  41  37  32  36  0.70365561E+01      0.000000      0.9964E+02
1287  37  41  78  82  0.26764789E-01      0.000000      0.9983E+02
1288  42  38  32  36  0.26352544E+01      0.000000      0.9983E+02
1289  42  38  33  37  0.69813482E+01      0.000000      0.9890E+02
1290  43  39  32  36  0.13636928E+01      0.000000      0.1000E+03
1291  39  43  78  82  0.21732614E-01      0.000000      0.9987E+02
1292  44  40  32  36  0.81348065E+00      0.000000      0.1001E+03
1293  45  41  32  36  0.52643777E+00      0.000000      0.1001E+03
1294  77  81  32  36  0.30970976E-01      0.000000      0.9979E+02
1295  81  77  83  87  0.26319524E+01      0.000000      0.9971E+02
1296  77  81  78  82  0.14479613E+02      0.000000      0.9919E+02
1297  78  82  32  36  0.30776996E-01      0.000000      0.9977E+02
1298  82  78  84  88  0.26283990E+01      0.000000      0.9969E+02
1299  79  83  32  36  0.29894412E-01      0.000000      0.9978E+02
1300  79  83  33  37  0.31137223E-01      0.000000      0.9975E+02
1301  79  83  81  85  0.33150278E+01      0.000000      0.9959E+02
1302  79  83  78  82  0.14383676E+02      0.000000      0.9853E+02
1303  80  84  32  36  0.28396209E-01      0.000000      0.9981E+02
1304  80  84  33  37  0.30269601E-01      0.000000      0.9977E+02
1305  84  80  77  81  0.47111593E+01      0.000000      0.9966E+02
1306  80  84  82  86  0.33332496E+01      0.000000      0.1000E+03
1307  81  85  32  36  0.26377929E-01      0.000000      0.9982E+02
1308  81  85  33  37  0.28770065E-01      0.000000      0.9978E+02
1309  85  81  78  82  0.46698810E+01      0.000000      0.9883E+02
1310  82  86  32  36  0.23991353E-01      0.000000      0.9986E+02
1311  82  86  33  37  0.26762124E-01      0.000000      0.9982E+02
1312  86  82  77  81  0.70035158E+01      0.000000      0.9917E+02
1313  83  87  33  37  0.24366407E-01      0.000000      0.9984E+02
1314  87  83  78  82  0.69408188E+01      0.000000      0.9832E+02
1315  89  85  78  82  0.13585206E+01      0.000000      0.9989E+02
1316  90  86  78  82  0.80940567E+00      0.000000      0.1001E+03
1317  34  38  33  37  0.14484332E+02      0.000000      0.9922E+02
1318  34  38  78  82  0.31138510E-01      0.000000      0.9975E+02
1319  40  36  33  37  0.46989365E+01      0.000000      0.9945E+02
1320  36  40  78  82  0.28769048E-01      0.000000      0.9978E+02
1321  35  39  34  38  0.14463548E+02      0.000000      0.9906E+02
1322  39  35  41  45  0.26232879E+01      0.000000      0.9988E+02
1323  35  39  79  83  0.31527685E-01      0.000000      0.9978E+02
1324  35  39  80  84  0.32086053E-01      0.000000      0.9979E+02
1325  37  41  79  83  0.29159691E-01      0.000000      0.9982E+02
1326  43  39  34  38  0.69855704E+01      0.000000      0.9901E+02
1327  39  43  79  83  0.24717526E-01      0.000000      0.9985E+02
1328  44  40  34  38  0.26277919E+01      0.000000      0.9983E+02
1329  45  41  34  38  0.13558851E+01      0.000000      0.1001E+03
1330  79  83  34  38  0.31692088E-01      0.000000      0.9975E+02
1331  83  79  85  89  0.26183601E+01      0.000000      0.9947E+02
1332  79  83  80  84  0.14407881E+02      0.000000      0.9868E+02
1333  80  84  34  38  0.31525983E-01      0.000000      0.9977E+02
1334  84  80  86  90  0.26241432E+01      0.000000      0.9991E+02
1335  81  85  34  38  0.30654005E-01      0.000000      0.9978E+02
1336  81  85  35  39  0.31911855E-01      0.000000      0.9979E+02
1337  81  85  83  87  0.33310333E+01      0.000000      0.9985E+02
1338  81  85  80  84  0.14488091E+02      0.000000      0.9921E+02
1339  82  86  34  38  0.29157103E-01      0.000000      0.9981E+02
1340  82  86  35  39  0.31033521E-01      0.000000      0.9982E+02
1341  86  82  79  83  0.46063922E+01      0.000000      0.9754E+02
1342  82  86  84  88  0.33343305E+01      0.000000      0.9978E+02
1343  83  87  34  38  0.27132287E-01      0.000000      0.9983E+02
1344  88  84  79  83  0.69492681E+01      0.000000      0.9849E+02
1345  90  86  79  83  0.13546880E+01      0.000000      0.9998E+02
1346  36  40  35  39  0.14500824E+02      0.000000      0.9930E+02
1347  36  40  80  84  0.31905520E-01      0.000000      0.9977E+02
1348  42  38  35  39  0.46483511E+01      0.000000      0.9851E+02
1349  37  41  36  40  0.14532203E+02      0.000000      0.9949E+02
1350  45  41  36  40  0.69972087E+01      0.000000      0.9934E+02
1351  81  85  36  40  0.32451223E-01      0.000000      0.9978E+02
1352  81  85  82  86  0.14489091E+02      0.000000      0.9919E+02
1353  82  86  36  40  0.32260699E-01      0.000000      0.9979E+02
1354  83  87  85  89  0.33303713E+01      0.000000      0.9941E+02
1355  83  87  82  86  0.14486763E+02      0.000000      0.9914E+02
1356  84  88  86  90  0.33410231E+01      0.000000      0.9937E+02
1357  90  86  81  85  0.69849344E+01      0.000000      0.9917E+02
1358  38  42  37  41  0.14555075E+02      0.000000      0.9961E+02
1359  44  40  37  41  0.46594910E+01      0.000000      0.9899E+02
1360  39  43  38  42  0.14567025E+02      0.000000      0.9964E+02
1361  83  87  84  88  0.14413871E+02      0.000000      0.9860E+02
1362  85  89  39  43  0.32543197E-01      0.000000      0.9981E+02
1363  40  44  39  43  0.14535657E+02      0.000000      0.9936E+02
1364  41  45  40  44  0.14436123E+02      0.000000      0.9858E+02
1365  85  89  86  90  0.14489463E+02      0.000000      0.9894E+02
