         298
   1   1   2   4   3  0.67264364E+01     -9.990549      0.2536E+03
   2   2   3   5   4  0.64429202E+01     -9.989783      0.2429E+03
   3   3   4   6   5  0.62980941E+01     -9.989108      0.2374E+03
   4   4   5   7   6  0.63136971E+01     -9.988669      0.2380E+03
   5   5   6   8   7  0.63416769E+01     -9.988461      0.2391E+03
   6   6   7   9   8  0.64697556E+01     -9.988425      0.2439E+03
   7   7   8  10   9  0.63465936E+01     -9.988132      0.2393E+03
   8   8   9  11  10  0.64326021E+01     -9.988405      0.2425E+03
   9   9  10  12  11  0.70132532E+01     -9.988745      0.2644E+03
  10  10  11  13  12  0.65748855E+01     -9.985521      0.2479E+03
  11  11  12  14  13  0.62339021E+01     -9.982539      0.2350E+03
  12  12  13  15  14  0.65776591E+01     -9.984446      0.2480E+03
  13  13  14  16  15  0.67154972E+01     -9.986600      0.2532E+03
  14  14  15  17  16  0.65225069E+01     -9.984002      0.2459E+03
  15  15  16  18  17  0.64519377E+01     -9.979136      0.2432E+03
  16  16  17  19  18  0.68034255E+01     -9.984674      0.2565E+03
  17  17  18  20  19  0.64410874E+01     -9.984929      0.2428E+03
  18  18  19  21  20  0.63801526E+01     -9.978549      0.2405E+03
  19  19  20  22  21  0.66351440E+01     -9.986728      0.2501E+03
  20  20  21  23  22  0.65590540E+01     -9.981329      0.2473E+03
  21  21  22  24  23  0.64924525E+01     -9.997513      0.2448E+03
  22   1   2   5   4  0.16610632E+01     -9.969240      0.2505E+03
  23   2   3   6   5  0.16685649E+01     -9.968534      0.2516E+03
  24   3   4   7   6  0.16400357E+01     -9.967830      0.2473E+03
  25   4   5   8   7  0.16415256E+01     -9.967442      0.2475E+03
  26   5   6   9   8  0.16642640E+01     -9.968621      0.2510E+03
  27   6   7  10   9  0.16445186E+01     -9.969469      0.2480E+03
  28   7   8  11  10  0.16574439E+01     -9.971776      0.2499E+03
  29   8   9  12  11  0.16719329E+01     -9.973187      0.2521E+03
  30   9  10  13  12  0.17045469E+01     -9.968616      0.2570E+03
  31  10  11  14  13  0.16666524E+01     -9.960519      0.2513E+03
  32  11  12  15  14  0.16645889E+01     -9.961852      0.2510E+03
  33  12  13  16  15  0.17107923E+01     -9.973014      0.2580E+03
  34  13  14  17  16  0.16691984E+01     -9.980438      0.2517E+03
  35  14  15  18  17  0.16747884E+01     -9.972224      0.2526E+03
  36  15  16  19  18  0.16645257E+01     -9.983071      0.2510E+03
  37  16  17  20  19  0.16485804E+01    -10.006033      0.2486E+03
  38  17  18  21  20  0.16504241E+01    -10.005465      0.2489E+03
  39  18  19  22  21  0.16076221E+01    -10.020373      0.2424E+03
  40  19  20  23  22  0.15641431E+01    -10.038450      0.2359E+03
  41  20  21  24  23  0.15563787E+01    -10.064809      0.2347E+03
  42   1   2   6   5  0.67837900E+00     -9.946584      0.2557E+03
  43   2   3   7   6  0.67333377E+00     -9.947610      0.2538E+03
  44   3   4   8   7  0.66774545E+00     -9.949880      0.2517E+03
  45   4   5   9   8  0.67429028E+00     -9.953276      0.2542E+03
  46   5   6  10   9  0.66785197E+00     -9.959573      0.2518E+03
  47   6   7  11  10  0.66864743E+00     -9.966704      0.2521E+03
  48   7   8  12  11  0.66903214E+00     -9.973633      0.2522E+03
  49   8   9  13  12  0.67030783E+00     -9.970837      0.2527E+03
  50   9  10  14  13  0.67539217E+00     -9.958974      0.2546E+03
  51  10  11  15  14  0.66769636E+00     -9.956700      0.2517E+03
  52  11  12  16  15  0.66959281E+00     -9.974226      0.2524E+03
  53  12  13  17  16  0.65145238E+00    -10.002626      0.2456E+03
  54  13  14  18  17  0.64745704E+00    -10.010408      0.2441E+03
  55  14  15  19  18  0.64212689E+00    -10.025577      0.2421E+03
  56  15  16  20  19  0.61482472E+00    -10.070812      0.2318E+03
  57  16  17  21  20  0.60268737E+00    -10.104453      0.2272E+03
  58  17  18  22  21  0.58053477E+00    -10.138150      0.2189E+03
  59  18  19  23  22  0.54062296E+00    -10.186482      0.2038E+03
  60  19  20  24  23  0.52193153E+00    -10.243734      0.1968E+03
  61   1   2   7   6  0.34039657E+00     -9.941192      0.2567E+03
  62   2   3   8   7  0.33887429E+00     -9.948241      0.2555E+03
  63   3   4   9   8  0.33704715E+00     -9.959182      0.2541E+03
  64   4   5  10   9  0.33448757E+00     -9.972489      0.2522E+03
  65   5   6  11  10  0.33168019E+00     -9.990290      0.2501E+03
  66   6   7  12  11  0.32876422E+00    -10.005729      0.2479E+03
  67   7   8  13  12  0.32725870E+00    -10.009003      0.2467E+03
  68   8   9  14  13  0.32561648E+00     -9.998823      0.2455E+03
  69   9  10  15  14  0.32454774E+00     -9.992209      0.2447E+03
  70  10  11  16  15  0.31997698E+00    -10.009294      0.2413E+03
  71  11  12  17  16  0.30537648E+00    -10.054259      0.2302E+03
  72  12  13  18  17  0.29897535E+00    -10.086742      0.2254E+03
  73  13  14  19  18  0.28944242E+00    -10.127261      0.2182E+03
  74  14  15  20  19  0.27706892E+00    -10.184195      0.2089E+03
  75  15  16  21  20  0.25870136E+00    -10.252087      0.1951E+03
  76  16  17  22  21  0.24251063E+00    -10.337640      0.1828E+03
  77  17  18  23  22  0.22135951E+00    -10.425471      0.1669E+03
  78  18  19  24  23  0.20427215E+00    -10.526898      0.1540E+03
  79   1   2   8   7  0.19380402E+00     -9.973123      0.2557E+03
  80   2   3   9   8  0.19237441E+00     -9.992747      0.2538E+03
  81   3   4  10   9  0.18806881E+00    -10.021259      0.2482E+03
  82   4   5  11  10  0.18584588E+00    -10.050089      0.2452E+03
  83   5   6  12  11  0.18151762E+00    -10.081687      0.2395E+03
  84   6   7  13  12  0.17866733E+00    -10.093528      0.2357E+03
  85   7   8  14  13  0.17604706E+00    -10.088942      0.2323E+03
  86   8   9  15  14  0.17255039E+00    -10.085087      0.2277E+03
  87   9  10  16  15  0.17018760E+00    -10.097428      0.2246E+03
  88  10  11  17  16  0.15956964E+00    -10.150096      0.2105E+03
  89  11  12  18  17  0.15260276E+00    -10.200828      0.2014E+03
  90  12  13  19  18  0.14439594E+00    -10.273542      0.1905E+03
  91  13  14  20  19  0.13457502E+00    -10.364394      0.1776E+03
  92  14  15  21  20  0.12508311E+00    -10.449666      0.1650E+03
  93  15  16  22  21  0.11156045E+00    -10.592603      0.1472E+03
  94  16  17  23  22  0.99071927E-01    -10.758466      0.1307E+03
  95  17  18  24  23  0.89411292E-01    -10.914187      0.1180E+03
  96   1   2   9   8  0.11845609E+00    -10.059917      0.2501E+03
  97   2   3  10   9  0.11538768E+00    -10.103146      0.2436E+03
  98   3   4  11  10  0.11189798E+00    -10.154343      0.2362E+03
  99   4   5  12  11  0.10864929E+00    -10.201626      0.2294E+03
 100   5   6  13  12  0.10511121E+00    -10.232739      0.2219E+03
 101   6   7  14  13  0.10217297E+00    -10.237168      0.2157E+03
 102   7   8  15  14  0.98723805E-01    -10.240276      0.2084E+03
 103   8   9  16  15  0.95528740E-01    -10.257049      0.2017E+03
 104   9  10  17  16  0.89407816E-01    -10.311292      0.1888E+03
 105  10  11  18  17  0.83778875E-01    -10.370920      0.1769E+03
 106  11  12  19  18  0.77248053E-01    -10.470176      0.1631E+03
 107  12  13  20  19  0.70281632E-01    -10.601624      0.1484E+03
 108  13  14  21  20  0.63466678E-01    -10.731912      0.1340E+03
 109  14  15  22  21  0.56423647E-01    -10.910367      0.1191E+03
 110  15  16  23  22  0.47842457E-01    -11.169983      0.1010E+03
 111  16  17  24  23  0.42075423E-01    -11.424488      0.8883E+02
 112   1   2  10   9  0.74602852E-01    -10.220902      0.2362E+03
 113   2   3  11  10  0.71889108E-01    -10.291987      0.2277E+03
 114   3   4  12  11  0.68420501E-01    -10.370422      0.2167E+03
 115   4   5  13  12  0.65741801E-01    -10.420040      0.2082E+03
 116   5   6  14  13  0.62709556E-01    -10.449015      0.1986E+03
 117   6   7  15  14  0.59634867E-01    -10.465233      0.1888E+03
 118   7   8  16  15  0.56759952E-01    -10.491908      0.1797E+03
 119   8   9  17  16  0.52118668E-01    -10.562191      0.1650E+03
 120   9  10  18  17  0.48627810E-01    -10.622380      0.1540E+03
 121  10  11  19  18  0.43894367E-01    -10.741009      0.1390E+03
 122  11  12  20  19  0.38948582E-01    -10.910507      0.1233E+03
 123  12  13  21  20  0.34336115E-01    -11.095387      0.1087E+03
 124  13  14  22  21  0.29736404E-01    -11.347092      0.9417E+02
 125  14  15  23  22  0.25239183E-01    -11.668513      0.7993E+02
 126  15  16  24  23  0.21301573E-01    -12.049117      0.6746E+02
 127   1   2  11  10  0.48089785E-01    -10.464211      0.2176E+03
 128   2   3  12  11  0.45456672E-01    -10.569044      0.2056E+03
 129   3   4  13  12  0.42820918E-01    -10.657257      0.1937E+03
 130   4   5  14  13  0.40560482E-01    -10.710034      0.1835E+03
 131   5   6  15  14  0.37827940E-01    -10.761040      0.1711E+03
 132   6   7  16  15  0.35415178E-01    -10.807571      0.1602E+03
 133   7   8  17  16  0.32006237E-01    -10.902952      0.1448E+03
 134   8   9  18  17  0.29270884E-01    -10.983965      0.1324E+03
 135   9  10  19  18  0.26288519E-01    -11.112778      0.1189E+03
 136  10  11  20  19  0.22871273E-01    -11.316682      0.1035E+03
 137  11  12  21  20  0.19705808E-01    -11.559063      0.8915E+02
 138  12  13  22  21  0.16737095E-01    -11.897901      0.7572E+02
 139  13  14  23  22  0.13926650E-01    -12.327739      0.6300E+02
 140  14  15  24  23  0.11812176E-01    -12.778438      0.5344E+02
 141   1   2  12  11  0.31241692E-01    -10.798035      0.1943E+03
 142   2   3  13  12  0.29245246E-01    -10.917342      0.1819E+03
 143   3   4  14  13  0.27187156E-01    -11.018329      0.1691E+03
 144   4   5  15  14  0.25199867E-01    -11.102754      0.1568E+03
 145   5   6  16  15  0.23166963E-01    -11.196689      0.1441E+03
 146   6   7  17  16  0.20648931E-01    -11.331514      0.1284E+03
 147   7   8  18  17  0.18582733E-01    -11.445300      0.1156E+03
 148   8   9  19  18  0.16375269E-01    -11.612548      0.1019E+03
 149   9  10  20  19  0.14191215E-01    -11.839470      0.8827E+02
 150  10  11  21  20  0.12028076E-01    -12.138872      0.7482E+02
 151  11  12  22  21  0.10055079E-01    -12.570638      0.6255E+02
 152  12  13  23  22  0.82732797E-02    -13.116472      0.5146E+02
 153  13  14  24  23  0.69224693E-02    -13.680612      0.4306E+02
 154   1   2  13  12  0.20581143E-01    -11.200915      0.1707E+03
 155   2   3  14  13  0.19036090E-01    -11.338830      0.1579E+03
 156   3   4  15  14  0.17357239E-01    -11.483871      0.1440E+03
 157   4   5  16  15  0.15895950E-01    -11.620901      0.1318E+03
 158   5   6  17  16  0.13983647E-01    -11.825193      0.1160E+03
 159   6   7  18  17  0.12432897E-01    -11.988322      0.1031E+03
 160   7   8  19  18  0.10808000E-01    -12.206867      0.8964E+02
 161   8   9  20  19  0.92188848E-02    -12.490877      0.7646E+02
 162   9  10  21  20  0.78065547E-02    -12.829151      0.6475E+02
 163  10  11  22  21  0.64762219E-02    -13.345866      0.5371E+02
 164  11  12  23  22  0.52975562E-02    -13.999274      0.4394E+02
 165  12  13  24  23  0.44119283E-02    -14.661535      0.3659E+02
 166   1   3   7   5  0.33606742E+01     -9.957142      0.2534E+03
 167   2   4   8   6  0.33199892E+01     -9.958119      0.2503E+03
 168   3   5   9   7  0.33206085E+01     -9.960195      0.2504E+03
 169   4   6  10   8  0.33408938E+01     -9.964103      0.2519E+03
 170   5   7  11   9  0.33126982E+01     -9.969000      0.2498E+03
 171   6   8  12  10  0.33238876E+01     -9.974488      0.2506E+03
 172   7   9  13  11  0.33385315E+01     -9.976316      0.2517E+03
 173   8  10  14  12  0.33758634E+01     -9.970042      0.2545E+03
 174   9  11  15  13  0.33342887E+01     -9.962526      0.2514E+03
 175  10  12  16  14  0.33218550E+01     -9.967880      0.2505E+03
 176  11  13  17  15  0.33372140E+01     -9.986472      0.2516E+03
 177  12  14  18  16  0.32670832E+01    -10.000530      0.2463E+03
 178  13  15  19  17  0.32538147E+01    -10.004142      0.2453E+03
 179  14  16  20  18  0.31985463E+01    -10.025892      0.2412E+03
 180  15  17  21  19  0.31247938E+01    -10.058132      0.2356E+03
 181  16  18  22  20  0.30761569E+01    -10.076086      0.2319E+03
 182  17  19  23  21  0.29501393E+01    -10.104385      0.2224E+03
 183  18  20  24  22  0.28309697E+01    -10.139811      0.2135E+03
 184   1   3   9   7  0.84350881E+00     -9.979791      0.2544E+03
 185   2   4  10   8  0.83287805E+00    -10.000897      0.2512E+03
 186   3   5  11   9  0.82030023E+00    -10.026058      0.2474E+03
 187   4   6  12  10  0.80769299E+00    -10.053018      0.2436E+03
 188   5   7  13  11  0.79406038E+00    -10.072897      0.2395E+03
 189   6   8  14  12  0.78414606E+00    -10.075939      0.2365E+03
 190   7   9  15  13  0.77293773E+00    -10.069446      0.2331E+03
 191   8  10  16  14  0.76281447E+00    -10.069859      0.2301E+03
 192   9  11  17  15  0.73914203E+00    -10.096514      0.2229E+03
 193  10  12  18  16  0.70132776E+00    -10.145784      0.2115E+03
 194  11  13  19  17  0.67322209E+00    -10.196665      0.2030E+03
 195  12  14  20  18  0.63869500E+00    -10.262495      0.1926E+03
 196  13  15  21  19  0.60019372E+00    -10.337842      0.1810E+03
 197  14  16  22  20  0.55176855E+00    -10.433041      0.1664E+03
 198  15  17  23  21  0.50098544E+00    -10.557122      0.1511E+03
 199  16  18  24  22  0.45191813E+00    -10.688176      0.1363E+03
 200   1   3  11   9  0.30996942E+00    -10.231301      0.2337E+03
 201   2   4  12  10  0.29766425E+00    -10.300583      0.2244E+03
 202   3   5  13  11  0.28563251E+00    -10.360637      0.2154E+03
 203   4   6  14  12  0.27412304E+00    -10.397758      0.2067E+03
 204   5   7  15  13  0.26234533E+00    -10.415187      0.1978E+03
 205   6   8  16  14  0.25053380E+00    -10.431024      0.1889E+03
 206   7   9  17  15  0.23641359E+00    -10.468150      0.1783E+03
 207   8  10  18  16  0.21942517E+00    -10.529562      0.1654E+03
 208   9  11  19  17  0.20258957E+00    -10.607730      0.1527E+03
 209  10  12  20  18  0.18296227E+00    -10.734706      0.1380E+03
 210  11  13  21  19  0.16327213E+00    -10.894703      0.1231E+03
 211  12  14  22  20  0.14427628E+00    -11.080471      0.1088E+03
 212  13  15  23  21  0.12532587E+00    -11.324175      0.9449E+02
 213  14  16  24  22  0.10619537E+00    -11.643721      0.8007E+02
 214   1   3  13  11  0.12652475E+00    -10.808876      0.1908E+03
 215   2   4  14  12  0.11828941E+00    -10.914230      0.1784E+03
 216   3   5  15  13  0.11030474E+00    -10.997509      0.1663E+03
 217   4   6  16  14  0.10209072E+00    -11.078132      0.1539E+03
 218   5   7  17  15  0.93214714E-01    -11.173003      0.1406E+03
 219   6   8  18  16  0.83670793E-01    -11.290446      0.1262E+03
 220   7   9  19  17  0.75036880E-01    -11.411531      0.1132E+03
 221   8  10  20  18  0.66073881E-01    -11.584992      0.9964E+02
 222   9  11  21  19  0.56897110E-01    -11.828405      0.8580E+02
 223  10  12  22  20  0.48265175E-01    -12.154051      0.7278E+02
 224  11  13  23  21  0.40362999E-01    -12.591064      0.6087E+02
 225  12  14  24  22  0.33534316E-01    -13.108645      0.5057E+02
 226   1   3  15  13  0.54352060E-01    -11.694914      0.1434E+03
 227   2   4  16  14  0.49364145E-01    -11.882242      0.1303E+03
 228   3   5  17  15  0.44352013E-01    -12.091296      0.1170E+03
 229   4   6  18  16  0.39103735E-01    -12.333675      0.1032E+03
 230   5   7  19  17  0.34289339E-01    -12.568984      0.9049E+02
 231   6   8  20  18  0.29441703E-01    -12.855601      0.7769E+02
 232   7   9  21  19  0.24885720E-01    -13.206666      0.6567E+02
 233   8  10  22  20  0.20916338E-01    -13.649892      0.5520E+02
 234   9  11  23  21  0.17346982E-01    -14.255019      0.4578E+02
 235  10  12  24  22  0.14306552E-01    -14.967119      0.3775E+02
 236   1   3  17  15  0.24300276E-01    -12.986608      0.1026E+03
 237   2   4  18  16  0.21468822E-01    -13.350301      0.9065E+02
 238   3   5  19  17  0.18945746E-01    -13.707160      0.7999E+02
 239   4   6  20  18  0.16371292E-01    -14.116813      0.6912E+02
 240   5   7  21  19  0.13904448E-01    -14.574223      0.5871E+02
 241   6   8  22  20  0.11744002E-01    -15.105708      0.4959E+02
 242   7   9  23  21  0.98806269E-02    -15.756297      0.4172E+02
 243   8  10  24  22  0.83062386E-02    -16.477587      0.3507E+02
 244   1   3  19  17  0.11739225E-01    -14.581010      0.7435E+02
 245   2   4  20  18  0.10402659E-01    -15.023925      0.6588E+02
 246   3   5  21  19  0.91573257E-02    -15.477868      0.5800E+02
 247   4   6  22  20  0.80633657E-02    -15.956075      0.5107E+02
 248   5   7  23  21  0.70672700E-02    -16.490823      0.4476E+02
 249   6   8  24  22  0.61199115E-02    -17.081379      0.3876E+02
 250   1   3  21  19  0.64097266E-02    -16.012247      0.5799E+02
 251   2   4  22  20  0.58994797E-02    -16.367152      0.5338E+02
 252   3   5  23  21  0.54680409E-02    -16.714113      0.4947E+02
 253   4   6  24  22  0.50066530E-02    -17.082250      0.4530E+02
 254   1   4  10   7  0.22263607E+01     -9.985675      0.2518E+03
 255   2   5  11   8  0.22112889E+01    -10.003441      0.2501E+03
 256   3   6  12   9  0.21784198E+01    -10.024437      0.2464E+03
 257   4   7  13  10  0.21546250E+01    -10.042342      0.2437E+03
 258   5   8  14  11  0.21312808E+01    -10.052193      0.2410E+03
 259   6   9  15  12  0.21109794E+01    -10.050101      0.2387E+03
 260   7  10  16  13  0.20953539E+01    -10.044144      0.2370E+03
 261   8  11  17  14  0.20515839E+01    -10.052855      0.2320E+03
 262   9  12  18  15  0.19991208E+01    -10.081354      0.2261E+03
 263  10  13  19  16  0.19172938E+01    -10.124254      0.2168E+03
 264  11  14  20  17  0.18539268E+01    -10.163306      0.2097E+03
 265  12  15  21  18  0.17807767E+01    -10.210819      0.2014E+03
 266  13  16  22  19  0.16714403E+01    -10.280631      0.1890E+03
 267  14  17  23  20  0.15691200E+01    -10.354977      0.1775E+03
 268  15  18  24  21  0.14556679E+01    -10.438848      0.1646E+03
 269   1   4  13  10  0.46964302E+00    -10.460811      0.2125E+03
 270   2   5  14  11  0.44711814E+00    -10.531571      0.2023E+03
 271   3   6  15  12  0.42451614E+00    -10.582305      0.1920E+03
 272   4   7  16  13  0.40258374E+00    -10.615029      0.1821E+03
 273   5   8  17  14  0.37816749E+00    -10.651604      0.1711E+03
 274   6   9  18  15  0.35276419E+00    -10.700613      0.1596E+03
 275   7  10  19  16  0.32348590E+00    -10.777369      0.1463E+03
 276   8  11  20  17  0.29451706E+00    -10.874342      0.1332E+03
 277   9  12  21  18  0.26298240E+00    -11.020281      0.1190E+03
 278  10  13  22  19  0.23143983E+00    -11.215014      0.1047E+03
 279  11  14  23  20  0.20153460E+00    -11.448110      0.9117E+02
 280  12  15  24  21  0.17348276E+00    -11.742921      0.7848E+02
 281   1   4  16  13  0.12469285E+00    -11.665308      0.1410E+03
 282   2   5  17  14  0.11316117E+00    -11.839998      0.1280E+03
 283   3   6  18  15  0.10157797E+00    -12.031663      0.1149E+03
 284   4   7  19  16  0.89559050E-01    -12.250650      0.1013E+03
 285   5   8  20  17  0.78396852E-01    -12.472325      0.8866E+02
 286   6   9  21  18  0.67386766E-01    -12.747756      0.7621E+02
 287   7  10  22  19  0.57231778E-01    -13.100752      0.6473E+02
 288   8  11  23  20  0.47990606E-01    -13.562835      0.5428E+02
 289   9  12  24  21  0.39881117E-01    -14.155667      0.4510E+02
 290   1   4  19  16  0.37007745E-01    -13.810730      0.8371E+02
 291   2   5  20  17  0.32722097E-01    -14.199079      0.7402E+02
 292   3   6  21  18  0.28470791E-01    -14.632488      0.6440E+02
 293   4   7  22  19  0.24533487E-01    -15.113797      0.5549E+02
 294   5   8  23  20  0.20993355E-01    -15.659146      0.4749E+02
 295   6   9  24  21  0.17885709E-01    -16.289159      0.4046E+02
 296   1   4  22  19  0.14240770E-01    -16.079826      0.5637E+02
 297   2   5  23  20  0.13082330E-01    -16.444057      0.5179E+02
 298   3   6  24  21  0.12003949E-01    -16.816921      0.4752E+02
