        0.06250       -0.02750        1.47226
        0.06250       -0.08525        0.88494
        0.06250       -0.14877        0.43903
        0.06250       -0.21865        0.14749
        0.06250       -0.29552       -0.05127
        0.06250       -0.38007       -0.21821
        0.06250       -0.47308       -0.38243
        0.06250       -0.57538       -0.55251
        0.06250       -0.68792       -0.72916
        0.06250       -0.81171       -0.91159
        0.06250       -0.94789       -1.09994
        0.06250       -1.09767       -1.29570
        0.06250       -1.26244       -1.50118
        0.06250       -1.44369       -1.71869
        0.06250       -1.64306       -1.94987
        0.06250       -1.86236       -2.19540
        0.06250       -2.10360       -2.45483
        0.06250       -2.36896       -2.72636
        0.06250       -2.66085       -3.00636
        0.06250       -2.98194       -3.28871
        0.06250       -3.33513       -3.56457
        0.06250       -3.72364       -3.82384
        0.18750       -0.02750        1.03410
        0.18750       -0.08525        1.05363
        0.18750       -0.14877        0.92583
        0.18750       -0.21865        0.73374
        0.18750       -0.29552        0.51164
        0.18750       -0.38007        0.27740
        0.18750       -0.47308        0.04126
        0.18750       -0.57538       -0.19101
        0.18750       -0.68792       -0.41706
        0.18750       -0.81171       -0.63736
        0.18750       -0.94789       -0.85454
        0.18750       -1.09767       -1.07256
        0.18750       -1.26244       -1.29579
        0.18750       -1.44369       -1.52822
        0.18750       -1.64306       -1.77289
        0.18750       -1.86236       -2.03162
        0.18750       -2.10360       -2.30490
        0.18750       -2.36896       -2.59170
        0.18750       -2.66085       -2.88912
        0.18750       -2.98194       -3.19164
        0.18750       -3.33513       -3.49032
        0.18750       -3.72364       -3.77332
        0.31250       -0.02750        1.26993
        0.31250       -0.08525        1.30789
        0.31250       -0.14877        1.18479
        0.31250       -0.21865        0.98667
        0.31250       -0.29552        0.75143
        0.31250       -0.38007        0.50136
        0.31250       -0.47308        0.25049
        0.31250       -0.57538        0.00659
        0.31250       -0.68792       -0.22783
        0.31250       -0.81171       -0.45420
        0.31250       -0.94789       -0.67625
        0.31250       -1.09767       -0.89864
        0.31250       -1.26244       -1.12610
        0.31250       -1.44369       -1.36277
        0.31250       -1.64306       -1.61189
        0.31250       -1.86236       -1.87561
        0.31250       -2.10360       -2.15484
        0.31250       -2.36896       -2.44919
        0.31250       -2.66085       -2.75658
        0.31250       -2.98194       -3.07267
        0.31250       -3.33513       -3.38966
        0.31250       -3.72364       -3.69561
        0.43750       -0.02750        2.19129
        0.43750       -0.08525        1.69480
        0.43750       -0.14877        1.30723
        0.43750       -0.21865        1.00927
        0.43750       -0.29552        0.75828
        0.43750       -0.38007        0.52416
        0.43750       -0.47308        0.29728
        0.43750       -0.57538        0.07693
        0.43750       -0.68792       -0.13725
        0.43750       -0.81171       -0.34750
        0.43750       -0.94789       -0.55738
        0.43750       -1.09767       -0.77091
        0.43750       -1.26244       -0.99205
        0.43750       -1.44369       -1.22432
        0.43750       -1.64306       -1.47058
        0.43750       -1.86236       -1.73276
        0.43750       -2.10360       -2.01185
        0.43750       -2.36896       -2.30773
        0.43750       -2.66085       -2.61902
        0.43750       -2.98194       -2.94252
        0.43750       -3.33513       -3.27204
        0.43750       -3.72364       -3.59696
        0.56250       -0.02750        2.04867
        0.56250       -0.08525        1.09224
        0.56250       -0.14877        0.62598
        0.56250       -0.21865        0.65185
        0.56250       -0.29552        0.58646
        0.56250       -0.38007        0.44298
        0.56250       -0.47308        0.26697
        0.56250       -0.57538        0.08163
        0.56250       -0.68792       -0.10501
        0.56250       -0.81171       -0.29249
        0.56250       -0.94789       -0.48328
        0.56250       -1.09767       -0.68086
        0.56250       -1.26244       -0.88886
        0.56250       -1.44369       -1.11053
        0.56250       -1.64306       -1.34840
        0.56250       -1.86236       -1.60419
        0.56250       -2.10360       -1.87875
        0.56250       -2.36896       -2.17203
        0.56250       -2.66085       -2.48304
        0.56250       -2.98194       -2.80947
        0.56250       -3.33513       -3.14658
        0.56250       -3.72364       -3.48557
        0.68750       -0.02750        1.38183
        0.68750       -0.08525        1.31251
        0.68750       -0.14877        1.00817
        0.68750       -0.21865        0.80522
        0.68750       -0.29552        0.65991
        0.68750       -0.38007        0.48213
        0.68750       -0.47308        0.28620
        0.68750       -0.57538        0.09404
        0.68750       -0.68792       -0.08819
        0.68750       -0.81171       -0.26365
        0.68750       -0.94789       -0.43834
        0.68750       -1.09767       -0.61859
        0.68750       -1.26244       -0.81004
        0.68750       -1.44369       -1.01709
        0.68750       -1.64306       -1.24273
        0.68750       -1.86236       -1.48874
        0.68750       -2.10360       -1.75583
        0.68750       -2.36896       -2.04390
        0.68750       -2.66085       -2.35210
        0.68750       -2.98194       -2.67863
        0.68750       -3.33513       -3.01984
        0.68750       -3.72364       -3.36861
        0.81250       -0.02750        1.45542
        0.81250       -0.08525        1.42077
        0.81250       -0.14877        1.21429
        0.81250       -0.21865        1.01644
        0.81250       -0.29552        0.80942
        0.81250       -0.38007        0.57358
        0.81250       -0.47308        0.33557
        0.81250       -0.57538        0.11820
        0.81250       -0.68792       -0.07408
        0.81250       -0.81171       -0.24730
        0.81250       -0.94789       -0.41087
        0.81250       -1.09767       -0.57493
        0.81250       -1.26244       -0.74865
        0.81250       -1.44369       -0.93892
        0.81250       -1.64306       -1.15004
        0.81250       -1.86236       -1.38420
        0.81250       -2.10360       -1.64212
        0.81250       -2.36896       -1.92354
        0.81250       -2.66085       -2.22757
        0.81250       -2.98194       -2.55264
        0.81250       -3.33513       -2.89577
        0.81250       -3.72364       -3.25119
        0.93750       -0.02750        2.25104
        0.93750       -0.08525        1.67654
        0.93750       -0.14877        1.29998
        0.93750       -0.21865        1.04148
        0.93750       -0.29552        0.79866
        0.93750       -0.38007        0.55237
        0.93750       -0.47308        0.31913
        0.93750       -0.57538        0.11009
        0.93750       -0.68792       -0.07527
        0.93750       -0.81171       -0.24106
        0.93750       -0.94789       -0.39336
        0.93750       -1.09767       -0.54185
        0.93750       -1.26244       -0.69780
        0.93750       -1.44369       -0.87065
        0.93750       -1.64306       -1.06640
        0.93750       -1.86236       -1.28794
        0.93750       -2.10360       -1.53603
        0.93750       -2.36896       -1.81029
        0.93750       -2.66085       -2.10966
        0.93750       -2.98194       -2.43258
        0.93750       -3.33513       -2.77646
        0.93750       -3.72364       -3.13644
        1.06250       -0.02750        2.16494
        1.06250       -0.08525        1.44913
        1.06250       -0.14877        1.01963
        1.06250       -0.21865        0.82117
        1.06250       -0.29552        0.64387
        1.06250       -0.38007        0.45165
        1.06250       -0.47308        0.26141
        1.06250       -0.57538        0.08214
        1.06250       -0.68792       -0.08485
        1.06250       -0.81171       -0.23809
        1.06250       -0.94789       -0.37803
        1.06250       -1.09767       -0.51162
        1.06250       -1.26244       -0.65079
        1.06250       -1.44369       -0.80702
        1.06250       -1.64306       -0.98797
        1.06250       -1.86236       -1.19728
        1.06250       -2.10360       -1.43587
        1.06250       -2.36896       -1.70318
        1.06250       -2.66085       -1.99802
        1.06250       -2.98194       -2.31871
        1.06250       -3.33513       -2.66282
        1.06250       -3.72364       -3.02616
        1.18750       -0.02750        1.42554
        1.18750       -0.08525        1.37958
        1.18750       -0.14877        1.11859
        1.18750       -0.21865        0.87486
        1.18750       -0.29552        0.67066
        1.18750       -0.38007        0.46987
        1.18750       -0.47308        0.27435
        1.18750       -0.57538        0.09154
        1.18750       -0.68792       -0.07536
        1.18750       -0.81171       -0.22408
        1.18750       -0.94789       -0.35526
        1.18750       -1.09767       -0.47654
        1.18750       -1.26244       -0.60139
        1.18750       -1.44369       -0.74326
        1.18750       -1.64306       -0.91126
        1.18750       -1.86236       -1.10979
        1.18750       -2.10360       -1.33998
        1.18750       -2.36896       -1.60121
        1.18750       -2.66085       -1.89209
        1.18750       -2.98194       -2.21088
        1.18750       -3.33513       -2.55522
        1.18750       -3.72364       -2.92130
        1.31250       -0.02750        1.49737
        1.31250       -0.08525        1.45817
        1.31250       -0.14877        1.22757
        1.31250       -0.21865        0.98645
        1.31250       -0.29552        0.75962
        1.31250       -0.38007        0.53512
        1.31250       -0.47308        0.32181
        1.31250       -0.57538        0.12772
        1.31250       -0.68792       -0.04423
        1.31250       -0.81171       -0.19234
        1.31250       -0.94789       -0.31814
        1.31250       -1.09767       -0.43054
        1.31250       -1.26244       -0.54465
        1.31250       -1.44369       -0.67551
        1.31250       -1.64306       -0.83343
        1.31250       -1.86236       -1.02347
        1.31250       -2.10360       -1.24701
        1.31250       -2.36896       -1.50345
        1.31250       -2.66085       -1.79138
        1.31250       -2.98194       -2.10895
        1.31250       -3.33513       -2.45381
        1.31250       -3.72364       -2.82244
        1.43750       -0.02750        2.29185
        1.43750       -0.08525        1.67279
        1.43750       -0.14877        1.24187
        1.43750       -0.21865        0.96153
        1.43750       -0.29552        0.73056
        1.43750       -0.38007        0.51797
        1.43750       -0.47308        0.32573
        1.43750       -0.57538        0.15176
        1.43750       -0.68792       -0.00622
        1.43750       -0.81171       -0.14556
        1.43750       -0.94789       -0.26469
        1.43750       -1.09767       -0.37040
        1.43750       -1.26244       -0.47738
        1.43750       -1.44369       -0.60112
        1.43750       -1.64306       -0.75247
        1.43750       -1.86236       -0.93686
        1.43750       -2.10360       -1.15597
        1.43750       -2.36896       -1.40936
        1.43750       -2.66085       -1.69559
        1.43750       -2.98194       -2.01283
        1.43750       -3.33513       -2.35876
        1.43750       -3.72364       -2.73005
        1.56250       -0.02750        2.18811
        1.56250       -0.08525        1.51256
        1.56250       -0.14877        1.09659
        1.56250       -0.21865        0.88076
        1.56250       -0.29552        0.69515
        1.56250       -0.38007        0.51397
        1.56250       -0.47308        0.34595
        1.56250       -0.57538        0.19009
        1.56250       -0.68792        0.04573
        1.56250       -0.81171       -0.08324
        1.56250       -0.94789       -0.19469
        1.56250       -1.09767       -0.29496
        1.56250       -1.26244       -0.39802
        1.56250       -1.44369       -0.51862
        1.56250       -1.64306       -0.66722
        1.56250       -1.86236       -0.84925
        1.56250       -2.10360       -1.06652
        1.56250       -2.36896       -1.31879
        1.56250       -2.66085       -1.60481
        1.56250       -2.98194       -1.92277
        1.56250       -3.33513       -2.27041
        1.56250       -3.72364       -2.64458
        1.68750       -0.02750        1.45177
        1.68750       -0.08525        1.40210
        1.68750       -0.14877        1.15035
        1.68750       -0.21865        0.93572
        1.68750       -0.29552        0.76553
        1.68750       -0.38007        0.59539
        1.68750       -0.47308        0.42471
        1.68750       -0.57538        0.26298
        1.68750       -0.68792        0.11903
        1.68750       -0.81171       -0.00328
        1.68750       -0.94789       -0.10733
        1.68750       -1.09767       -0.20352
        1.68750       -1.26244       -0.30597
        1.68750       -1.44369       -0.42769
        1.68750       -1.64306       -0.57768
        1.68750       -1.86236       -0.76084
        1.68750       -2.10360       -0.97905
        1.68750       -2.36896       -1.23231
        1.68750       -2.66085       -1.51959
        1.68750       -2.98194       -1.83930
        1.68750       -3.33513       -2.18931
        1.68750       -3.72364       -2.56669
        1.81250       -0.02750        1.50845
        1.81250       -0.08525        1.42783
        1.81250       -0.14877        1.13527
        1.81250       -0.21865        0.92837
        1.81250       -0.29552        0.78768
        1.81250       -0.38007        0.64020
        1.81250       -0.47308        0.48417
        1.81250       -0.57538        0.33451
        1.81250       -0.68792        0.20405
        1.81250       -0.81171        0.09510
        1.81250       -0.94789       -0.00052
        1.81250       -1.09767       -0.09543
        1.81250       -1.26244       -0.20186
        1.81250       -1.44369       -0.32956
        1.81250       -1.64306       -0.48530
        1.81250       -1.86236       -0.67314
        1.81250       -2.10360       -0.89494
        1.81250       -2.36896       -1.15113
        1.81250       -2.66085       -1.44105
        1.81250       -2.98194       -1.76342
        1.81250       -3.33513       -2.11635
        1.81250       -3.72364       -2.49711
        1.93750       -0.02750        2.30629
        1.93750       -0.08525        1.57041
        1.93750       -0.14877        1.13261
        1.93750       -0.21865        0.93218
        1.93750       -0.29552        0.77372
        1.93750       -0.38007        0.63197
        1.93750       -0.47308        0.51037
        1.93750       -0.57538        0.40297
        1.93750       -0.68792        0.30679
        1.93750       -0.81171        0.21771
        1.93750       -0.94789        0.12763
        1.93750       -1.09767        0.02777
        1.93750       -1.26244       -0.08891
        1.93750       -1.44369       -0.22788
        1.93750       -1.64306       -0.39348
        1.93750       -1.86236       -0.58902
        1.93750       -2.10360       -0.81664
        1.93750       -2.36896       -1.07726
        1.93750       -2.66085       -1.37081
        1.93750       -2.98194       -1.69642
        1.93750       -3.33513       -2.05254
        1.93750       -3.72364       -2.43676
        2.06250       -0.02750        2.24475
        2.06250       -0.08525        1.62439
        2.06250       -0.14877        1.21707
        2.06250       -0.21865        0.95993
        2.06250       -0.29552        0.77033
        2.06250       -0.38007        0.65260
        2.06250       -0.47308        0.57939
        2.06250       -0.57538        0.51552
        2.06250       -0.68792        0.44675
        2.06250       -0.81171        0.36712
        2.06250       -0.94789        0.27198
        2.06250       -1.09767        0.15848
        2.06250       -1.26244        0.02527
        2.06250       -1.44369       -0.12925
        2.06250       -1.64306       -0.30762
        2.06250       -1.86236       -0.51283
        2.06250       -2.10360       -0.74749
        2.06250       -2.36896       -1.01328
        2.06250       -2.66085       -1.31083
        2.06250       -2.98194       -1.63981
        2.06250       -3.33513       -1.99907
        2.06250       -3.72364       -2.38652
        2.18750       -0.02750        1.43390
        2.18750       -0.08525        1.32675
        2.18750       -0.14877        1.01225
        2.18750       -0.21865        0.86442
        2.18750       -0.29552        0.81811
        2.18750       -0.38007        0.77665
        2.18750       -0.47308        0.73136
        2.18750       -0.57538        0.67805
        2.18750       -0.68792        0.61132
        2.18750       -0.81171        0.52469
        2.18750       -0.94789        0.41445
        2.18750       -1.09767        0.28151
        2.18750       -1.26244        0.12861
        2.18750       -1.44369       -0.04301
        2.18750       -1.64306       -0.23477
        2.18750       -1.86236       -0.44977
        2.18750       -2.10360       -0.69136
        2.18750       -2.36896       -0.96203
        2.18750       -2.66085       -1.26320
        2.18750       -2.98194       -1.59511
        2.18750       -3.33513       -1.95708
        2.18750       -3.72364       -2.34731
        2.31250       -0.02750        1.48837
        2.31250       -0.08525        1.37285
        2.31250       -0.14877        1.05604
        2.31250       -0.21865        1.01798
        2.31250       -0.29552        1.00521
        2.31250       -0.38007        0.95131
        2.31250       -0.47308        0.88954
        2.31250       -0.57538        0.82643
        2.31250       -0.68792        0.75213
        2.31250       -0.81171        0.65443
        2.31250       -0.94789        0.52833
        2.31250       -1.09767        0.37714
        2.31250       -1.26244        0.20677
        2.31250       -1.44369        0.02051
        2.31250       -1.64306       -0.18236
        2.31250       -1.86236       -0.40519
        2.31250       -2.10360       -0.65203
        2.31250       -2.36896       -0.92621
        2.31250       -2.66085       -1.22982
        2.31250       -2.98194       -1.56372
        2.31250       -3.33513       -1.92755
        2.31250       -3.72364       -2.31983
        2.43750       -0.02750        2.41522
        2.43750       -0.08525        1.76977
        2.43750       -0.14877        1.45334
        2.43750       -0.21865        1.30034
        2.43750       -0.29552        1.16169
        2.43750       -0.38007        1.04611
        2.43750       -0.47308        0.96361
        2.43750       -0.57538        0.89787
        2.43750       -0.68792        0.82410
        2.43750       -0.81171        0.72312
        2.43750       -0.94789        0.58914
        2.43750       -1.09767        0.42765
        2.43750       -1.26244        0.24706
        2.43750       -1.44369        0.05232
        2.43750       -1.64306       -0.15666
        2.43750       -1.86236       -0.38341
        2.43750       -2.10360       -0.63249
        2.43750       -2.36896       -0.90786
        2.43750       -2.66085       -1.21214
        2.43750       -2.98194       -1.54658
        2.43750       -3.33513       -1.91116
        2.43750       -3.72364       -2.30462
        2.56250       -0.02750        2.39583
        2.56250       -0.08525        1.59377
        2.56250       -0.14877        1.23647
        2.56250       -0.21865        1.16644
        2.56250       -0.29552        1.07461
        2.56250       -0.38007        0.98571
        2.56250       -0.47308        0.92378
        2.56250       -0.57538        0.87427
        2.56250       -0.68792        0.81135
        2.56250       -0.81171        0.71618
        2.56250       -0.94789        0.58442
        2.56250       -1.09767        0.42317
        2.56250       -1.26244        0.24218
        2.56250       -1.44369        0.04726
        2.56250       -1.64306       -0.16126
        2.56250       -1.86236       -0.38686
        2.56250       -2.10360       -0.63434
        2.56250       -2.36896       -0.90800
        2.56250       -2.66085       -1.21077
        2.56250       -2.98194       -1.54412
        2.56250       -3.33513       -1.90817
        2.56250       -3.72364       -2.30180
        2.68750       -0.02750        1.58050
        2.68750       -0.08525        1.44807
        2.68750       -0.14877        0.99022
        2.68750       -0.21865        0.83137
        2.68750       -0.29552        0.85060
        2.68750       -0.38007        0.84695
        2.68750       -0.47308        0.82703
        2.68750       -0.57538        0.79275
        2.68750       -0.68792        0.73476
        2.68750       -0.81171        0.64387
        2.68750       -0.94789        0.51864
        2.68750       -1.09767        0.36543
        2.68750       -1.26244        0.19267
        2.68750       -1.44369        0.00547
        2.68750       -1.64306       -0.19602
        2.68750       -1.86236       -0.41534
        2.68750       -2.10360       -0.65732
        2.68750       -2.36896       -0.92632
        2.68750       -2.66085       -1.22537
        2.68750       -2.98194       -1.55598
        2.68750       -3.33513       -1.91829
        2.68750       -3.72364       -2.31118
        2.81250       -0.02750        1.53183
        2.81250       -0.08525        1.47112
        2.81250       -0.14877        1.23402
        2.81250       -0.21865        1.06243
        2.81250       -0.29552        0.95596
        2.81250       -0.38007        0.87628
        2.81250       -0.47308        0.80568
        2.81250       -0.57538        0.73028
        2.81250       -0.68792        0.64261
        2.81250       -0.81171        0.53752
        2.81250       -0.94789        0.41216
        2.81250       -1.09767        0.26765
        2.81250       -1.26244        0.10727
        2.81250       -1.44369       -0.06710
        2.81250       -1.64306       -0.25682
        2.81250       -1.86236       -0.46586
        2.81250       -2.10360       -0.69917
        2.81250       -2.36896       -0.96111
        2.81250       -2.66085       -1.25460
        2.81250       -2.98194       -1.58110
        2.81250       -3.33513       -1.94065
        2.81250       -3.72364       -2.33207
        2.93750       -0.02750        2.39616
        2.93750       -0.08525        1.86204
        2.93750       -0.14877        1.55117
        2.93750       -0.21865        1.35205
        2.93750       -0.29552        1.17661
        2.93750       -0.38007        1.01362
        2.93750       -0.47308        0.86129
        2.93750       -0.57538        0.71468
        2.93750       -0.68792        0.57214
        2.93750       -0.81171        0.43302
        2.93750       -0.94789        0.29431
        2.93750       -1.09767        0.15168
        2.93750       -1.26244        0.00149
        2.93750       -1.44369       -0.15961
        2.93750       -1.64306       -0.33590
        2.93750       -1.86236       -0.53281
        2.93750       -2.10360       -0.75578
        2.93750       -2.36896       -1.00925
        2.93750       -2.66085       -1.29610
        2.93750       -2.98194       -1.61765
        2.93750       -3.33513       -1.97385
        2.93750       -3.72364       -2.36338
        3.06250       -0.02750        2.41659
        3.06250       -0.08525        1.59086
        3.06250       -0.14877        1.20406
        3.06250       -0.21865        1.18098
        3.06250       -0.29552        1.12358
        3.06250       -0.38007        1.00785
        3.06250       -0.47308        0.85780
        3.06250       -0.57538        0.68999
        3.06250       -0.68792        0.51729
        3.06250       -0.81171        0.34968
        3.06250       -0.94789        0.19175
        3.06250       -1.09767        0.04191
        3.06250       -1.26244       -0.10550
        3.06250       -1.44369       -0.25784
        3.06250       -1.64306       -0.42300
        3.06250       -1.86236       -0.60866
        3.06250       -2.10360       -0.82152
        3.06250       -2.36896       -1.06654
        3.06250       -2.66085       -1.34667
        3.06250       -2.98194       -1.66318
        3.06250       -3.33513       -2.01596
        3.06250       -3.72364       -2.40365
        3.18750       -0.02750        1.66094
        3.18750       -0.08525        1.59332
        3.18750       -0.14877        1.26612
        3.18750       -0.21865        1.06823
        3.18750       -0.29552        0.99448
        3.18750       -0.38007        0.90627
        3.18750       -0.47308        0.78296
        3.18750       -0.57538        0.63169
        3.18750       -0.68792        0.46334
        3.18750       -0.81171        0.28928
        3.18750       -0.94789        0.11901
        3.18750       -1.09767       -0.04227
        3.18750       -1.26244       -0.19540
        3.18750       -1.44369       -0.34689
        3.18750       -1.64306       -0.50661
        3.18750       -1.86236       -0.68477
        3.18750       -2.10360       -0.88992
        3.18750       -2.36896       -1.12799
        3.18750       -2.66085       -1.40244
        3.18750       -2.98194       -1.71467
        3.18750       -3.33513       -2.06463
        3.18750       -3.72364       -2.45102
        3.31250       -0.02750        1.66159
        3.31250       -0.08525        1.64917
        3.31250       -0.14877        1.46545
        3.31250       -0.21865        1.27261
        3.31250       -0.29552        1.08135
        3.31250       -0.38007        0.89648
        3.31250       -0.47308        0.73265
        3.31250       -0.57538        0.57881
        3.31250       -0.68792        0.41968
        3.31250       -0.81171        0.25122
        3.31250       -0.94789        0.07794
        3.31250       -1.09767       -0.09283
        3.31250       -1.26244       -0.25637
        3.31250       -1.44369       -0.41464
        3.31250       -1.64306       -0.57626
        3.31250       -1.86236       -0.75268
        3.31250       -2.10360       -0.95428
        3.31250       -2.36896       -1.18838
        3.31250       -2.66085       -1.45924
        3.31250       -2.98194       -1.76876
        3.31250       -3.33513       -2.11717
        3.31250       -3.72364       -2.50332
        3.43750       -0.02750        2.45287
        3.43750       -0.08525        1.89383
        3.43750       -0.14877        1.54443
        3.43750       -0.21865        1.31742
        3.43750       -0.29552        1.10390
        3.43750       -0.38007        0.89489
        3.43750       -0.47308        0.71112
        3.43750       -0.57538        0.55075
        3.43750       -0.68792        0.39566
        3.43750       -0.81171        0.23339
        3.43750       -0.94789        0.06207
        3.43750       -1.09767       -0.11340
        3.43750       -1.26244       -0.28661
        3.43750       -1.44369       -0.45538
        3.43750       -1.64306       -0.62489
        3.43750       -1.86236       -0.80565
        3.43750       -2.10360       -1.00875
        3.43750       -2.36896       -1.24277
        3.43750       -2.66085       -1.51301
        3.43750       -2.98194       -1.82206
        3.43750       -3.33513       -2.17069
        3.43750       -3.72364       -2.55815
        3.56250       -0.02750        2.50447
        3.56250       -0.08525        1.81739
        3.56250       -0.14877        1.38320
        3.56250       -0.21865        1.16421
        3.56250       -0.29552        0.99733
        3.56250       -0.38007        0.83440
        3.56250       -0.47308        0.67941
        3.56250       -0.57538        0.53193
        3.56250       -0.68792        0.38379
        3.56250       -0.81171        0.22772
        3.56250       -0.94789        0.06102
        3.56250       -1.09767       -0.11413
        3.56250       -1.26244       -0.29266
        3.56250       -1.44369       -0.47090
        3.56250       -1.64306       -0.65076
        3.56250       -1.86236       -0.84013
        3.56250       -2.10360       -1.04930
        3.56250       -2.36896       -1.28725
        3.56250       -2.66085       -1.56010
        3.56250       -2.98194       -1.87129
        3.56250       -3.33513       -2.22228
        3.56250       -3.72364       -2.61292
        3.68750       -0.02750        1.74349
        3.68750       -0.08525        1.72442
        3.68750       -0.14877        1.50476
        3.68750       -0.21865        1.26530
        3.68750       -0.29552        1.04649
        3.68750       -0.38007        0.85004
        3.68750       -0.47308        0.67883
        3.68750       -0.57538        0.52541
        3.68750       -0.68792        0.37771
        3.68750       -0.81171        0.22625
        3.68750       -0.94789        0.06562
        3.68750       -1.09767       -0.10530
        3.68750       -1.26244       -0.28417
        3.68750       -1.44369       -0.46801
        3.68750       -1.64306       -0.65705
        3.68750       -1.86236       -0.85643
        3.68750       -2.10360       -1.07446
        3.68750       -2.36896       -1.31946
        3.68750       -2.66085       -1.59783
        3.68750       -2.98194       -1.91369
        3.68750       -3.33513       -2.26922
        3.68750       -3.72364       -2.66503
        3.81250       -0.02750        1.73224
        3.81250       -0.08525        1.73041
        3.81250       -0.14877        1.55683
        3.81250       -0.21865        1.34345
        3.81250       -0.29552        1.11835
        3.81250       -0.38007        0.89618
        3.81250       -0.47308        0.69768
        3.81250       -0.57538        0.52710
        3.81250       -0.68792        0.37386
        3.81250       -0.81171        0.22484
        3.81250       -0.94789        0.07051
        3.81250       -1.09767       -0.09396
        3.81250       -1.26244       -0.26934
        3.81250       -1.44369       -0.45455
        3.81250       -1.64306       -0.64965
        3.81250       -1.86236       -0.85788
        3.81250       -2.10360       -1.08532
        3.81250       -2.36896       -1.33895
        3.81250       -2.66085       -1.62480
        3.81250       -2.98194       -1.94727
        3.81250       -3.33513       -2.30922
        3.81250       -3.72364       -2.71200
        3.93750       -0.02750        2.49230
        3.93750       -0.08525        1.92484
        3.93750       -0.14877        1.54037
        3.93750       -0.21865        1.29471
        3.93750       -0.29552        1.08384
        3.93750       -0.38007        0.87902
        3.93750       -0.47308        0.68918
        3.93750       -0.57538        0.52022
        3.93750       -0.68792        0.36755
        3.93750       -0.81171        0.22182
        3.93750       -0.94789        0.07371
        3.93750       -1.09767       -0.08352
        3.93750       -1.26244       -0.25330
        3.93750       -1.44369       -0.43670
        3.93750       -1.64306       -0.63451
        3.93750       -1.86236       -0.84906
        3.93750       -2.10360       -1.08473
        3.93750       -2.36896       -1.34694
        3.93750       -2.66085       -1.64096
        3.93750       -2.98194       -1.97111
        3.93750       -3.33513       -2.34064
        3.93750       -3.72364       -2.75167
        4.06250       -0.02750        2.48886
        4.06250       -0.08525        1.81954
        4.06250       -0.14877        1.41784
        4.06250       -0.21865        1.20504
        4.06250       -0.29552        1.02503
        4.06250       -0.38007        0.84405
        4.06250       -0.47308        0.67060
        4.06250       -0.57538        0.50999
        4.06250       -0.68792        0.36092
        4.06250       -0.81171        0.21858
        4.06250       -0.94789        0.07580
        4.06250       -1.09767       -0.07474
        4.06250       -1.26244       -0.23842
        4.06250       -1.44369       -0.41827
        4.06250       -1.64306       -0.61616
        4.06250       -1.86236       -0.83433
        4.06250       -2.10360       -1.07611
        4.06250       -2.36896       -1.34568
        4.06250       -2.66085       -1.64740
        4.06250       -2.98194       -1.98526
        4.06250       -3.33513       -2.36273
        4.06250       -3.72364       -2.78250
        4.18750       -0.02750        1.75652
        4.18750       -0.08525        1.72635
        4.18750       -0.14877        1.50736
        4.18750       -0.21865        1.28220
        4.18750       -0.29552        1.07219
        4.18750       -0.38007        0.87015
        4.18750       -0.47308        0.68377
        4.18750       -0.57538        0.51546
        4.18750       -0.68792        0.36219
        4.18750       -0.81171        0.21903
        4.18750       -0.94789        0.07874
        4.18750       -1.09767       -0.06704
        4.18750       -1.26244       -0.22539
        4.18750       -1.44369       -0.40113
        4.18750       -1.64306       -0.59745
        4.18750       -1.86236       -0.81698
        4.18750       -2.10360       -1.06261
        4.18750       -2.36896       -1.33772
        4.18750       -2.66085       -1.64587
        4.18750       -2.98194       -1.99065
        4.18750       -3.33513       -2.37554
        4.18750       -3.72364       -2.80371
        4.31250       -0.02750        1.78119
        4.31250       -0.08525        1.75253
        4.31250       -0.14877        1.54399
        4.31250       -0.21865        1.32390
        4.31250       -0.29552        1.11439
        4.31250       -0.38007        0.90813
        4.31250       -0.47308        0.71296
        4.31250       -0.57538        0.53446
        4.31250       -0.68792        0.37292
        4.31250       -0.81171        0.22502
        4.31250       -0.94789        0.08381
        4.31250       -1.09767       -0.05975
        4.31250       -1.26244       -0.21419
        4.31250       -1.44369       -0.38605
        4.31250       -1.64306       -0.57991
        4.31250       -1.86236       -0.79913
        4.31250       -2.10360       -1.04665
        4.31250       -2.36896       -1.32537
        4.31250       -2.66085       -1.63834
        4.31250       -2.98194       -1.98871
        4.31250       -3.33513       -2.37986
        4.31250       -3.72364       -2.81530
        4.43750       -0.02750        2.54753
        4.43750       -0.08525        1.93370
        4.43750       -0.14877        1.52555
        4.43750       -0.21865        1.28831
        4.43750       -0.29552        1.09698
        4.43750       -0.38007        0.90903
        4.43750       -0.47308        0.72475
        4.43750       -0.57538        0.54914
        4.43750       -0.68792        0.38536
        4.43750       -0.81171        0.23374
        4.43750       -0.94789        0.09027
        4.43750       -1.09767       -0.05286
        4.43750       -1.26244       -0.20470
        4.43750       -1.44369       -0.37316
        4.43750       -1.64306       -0.56417
        4.43750       -1.86236       -0.78199
        4.43750       -2.10360       -1.02984
        4.43750       -2.36896       -1.31050
        4.43750       -2.66085       -1.62662
        4.43750       -2.98194       -1.98101
        4.43750       -3.33513       -2.37693
        4.43750       -3.72364       -2.81802
        4.56250       -0.02750        2.53252
        4.56250       -0.08525        1.88110
        4.56250       -0.14877        1.46915
        4.56250       -0.21865        1.24850
        4.56250       -0.29552        1.07106
        4.56250       -0.38007        0.89500
        4.56250       -0.47308        0.72192
        4.56250       -0.57538        0.55447
        4.56250       -0.68792        0.39386
        4.56250       -0.81171        0.24155
        4.56250       -0.94789        0.09652
        4.56250       -1.09767       -0.04675
        4.56250       -1.26244       -0.19679
        4.56250       -1.44369       -0.36230
        4.56250       -1.64306       -0.55035
        4.56250       -1.86236       -0.76610
        4.56250       -2.10360       -1.01319
        4.56250       -2.36896       -1.29441
        4.56250       -2.66085       -1.61220
        4.56250       -2.98194       -1.96911
        4.56250       -3.33513       -2.36818
        4.56250       -3.72364       -2.81305
        4.68750       -0.02750        1.77422
        4.68750       -0.08525        1.74074
        4.68750       -0.14877        1.52045
        4.68750       -0.21865        1.29955
        4.68750       -0.29552        1.09864
        4.68750       -0.38007        0.90678
        4.68750       -0.47308        0.72795
        4.68750       -0.57538        0.56057
        4.68750       -0.68792        0.40078
        4.68750       -0.81171        0.24800
        4.68750       -0.94789        0.10192
        4.68750       -1.09767       -0.04151
        4.68750       -1.26244       -0.19016
        4.68750       -1.44369       -0.35311
        4.68750       -1.64306       -0.53829
        4.68750       -1.86236       -0.75161
        4.68750       -2.10360       -0.99721
        4.68750       -2.36896       -1.27797
        4.68750       -2.66085       -1.59624
        4.68750       -2.98194       -1.95432
        4.68750       -3.33513       -2.35503
        4.68750       -3.72364       -2.80188
        4.81250       -0.02750        1.78709
        4.81250       -0.08525        1.75606
        4.81250       -0.14877        1.54277
        4.81250       -0.21865        1.32482
        4.81250       -0.29552        1.12233
        4.81250       -0.38007        0.92660
        4.81250       -0.47308        0.74300
        4.81250       -0.57538        0.57149
        4.81250       -0.68792        0.40883
        4.81250       -0.81171        0.25413
        4.81250       -0.94789        0.10684
        4.81250       -1.09767       -0.03681
        4.81250       -1.26244       -0.18439
        4.81250       -1.44369       -0.34516
        4.81250       -1.64306       -0.52766
        4.81250       -1.86236       -0.73847
        4.81250       -2.10360       -0.98213
        4.81250       -2.36896       -1.26174
        4.81250       -2.66085       -1.57956
        4.81250       -2.98194       -1.93770
        4.81250       -3.33513       -2.33875
        4.81250       -3.72364       -2.78596
        4.93750       -0.02750        2.55527
        4.93750       -0.08525        1.92536
        4.93750       -0.14877        1.51887
        4.93750       -0.21865        1.28871
        4.93750       -0.29552        1.10349
        4.93750       -0.38007        0.92290
        4.93750       -0.47308        0.74707
        4.93750       -0.57538        0.57763
        4.93750       -0.68792        0.41479
        4.93750       -0.81171        0.25943
        4.93750       -0.94789        0.11153
        4.93750       -1.09767       -0.03223
        4.93750       -1.26244       -0.17899
        4.93750       -1.44369       -0.33798
        4.93750       -1.64306       -0.51811
        4.93750       -1.86236       -0.72647
        4.93750       -2.10360       -0.96803
        4.93750       -2.36896       -1.24604
        4.93750       -2.66085       -1.56274
        4.93750       -2.98194       -1.92008
        4.93750       -3.33513       -2.32042
        4.93750       -3.72364       -2.76669
        5.06250       -0.02750        2.53688
        5.06250       -0.08525        1.90276
        5.06250       -0.14877        1.48864
        5.06250       -0.21865        1.26103
        5.06250       -0.29552        1.08165
        5.06250       -0.38007        0.90737
        5.06250       -0.47308        0.73815
        5.06250       -0.57538        0.57475
        5.06250       -0.68792        0.41630
        5.06250       -0.81171        0.26324
        5.06250       -0.94789        0.11607
        5.06250       -1.09767       -0.02745
        5.06250       -1.26244       -0.17356
        5.06250       -1.44369       -0.33114
        5.06250       -1.64306       -0.50927
        5.06250       -1.86236       -0.71542
        5.06250       -2.10360       -0.95486
        5.06250       -2.36896       -1.23102
        5.06250       -2.66085       -1.54614
        5.06250       -2.98194       -1.90207
        5.06250       -3.33513       -2.30090
        5.06250       -3.72364       -2.74518
        5.18750       -0.02750        1.77074
        5.18750       -0.08525        1.74480
        5.18750       -0.14877        1.53296
        5.18750       -0.21865        1.31181
        5.18750       -0.29552        1.10736
        5.18750       -0.38007        0.91403
        5.18750       -0.47308        0.73712
        5.18750       -0.57538        0.57398
        5.18750       -0.68792        0.41824
        5.18750       -0.81171        0.26729
        5.18750       -0.94789        0.12103
        5.18750       -1.09767       -0.02216
        5.18750       -1.26244       -0.16778
        5.18750       -1.44369       -0.32432
        5.18750       -1.64306       -0.50086
        5.18750       -1.86236       -0.70510
        5.18750       -2.10360       -0.94255
        5.18750       -2.36896       -1.21678
        5.18750       -2.66085       -1.53005
        5.18750       -2.98194       -1.88411
        5.18750       -3.33513       -2.28083
        5.18750       -3.72364       -2.72242
        5.31250       -0.02750        1.77347
        5.31250       -0.08525        1.74999
        5.31250       -0.14877        1.54313
        5.31250       -0.21865        1.32830
        5.31250       -0.29552        1.12589
        5.31250       -0.38007        0.93037
        5.31250       -0.47308        0.74935
        5.31250       -0.57538        0.58260
        5.31250       -0.68792        0.42484
        5.31250       -0.81171        0.27319
        5.31250       -0.94789        0.12686
        5.31250       -1.09767       -0.01622
        5.31250       -1.26244       -0.16152
        5.31250       -1.44369       -0.31734
        5.31250       -1.64306       -0.49269
        5.31250       -1.86236       -0.69536
        5.31250       -2.10360       -0.93101
        5.31250       -2.36896       -1.20332
        5.31250       -2.66085       -1.51460
        5.31250       -2.98194       -1.86651
        5.31250       -3.33513       -2.26074
        5.31250       -3.72364       -2.69912
        5.43750       -0.02750        2.54247
        5.43750       -0.08525        1.90708
        5.43750       -0.14877        1.50870
        5.43750       -0.21865        1.28818
        5.43750       -0.29552        1.10803
        5.43750       -0.38007        0.92992
        5.43750       -0.47308        0.75647
        5.43750       -0.57538        0.59048
        5.43750       -0.68792        0.43158
        5.43750       -0.81171        0.27934
        5.43750       -0.94789        0.13308
        5.43750       -1.09767       -0.00976
        5.43750       -1.26244       -0.15479
        5.43750       -1.44369       -0.31014
        5.43750       -1.64306       -0.48465
        5.43750       -1.86236       -0.68607
        5.43750       -2.10360       -0.92016
        5.43750       -2.36896       -1.19066
        5.43750       -2.66085       -1.49990
        5.43750       -2.98194       -1.84951
        5.43750       -3.33513       -2.24098
        5.43750       -3.72364       -2.67585
        5.56250       -0.02750        2.52801
        5.56250       -0.08525        1.91006
        5.56250       -0.14877        1.50575
        5.56250       -0.21865        1.27875
        5.56250       -0.29552        1.09757
        5.56250       -0.38007        0.92140
        5.56250       -0.47308        0.75139
        5.56250       -0.57538        0.58919
        5.56250       -0.68792        0.43363
        5.56250       -0.81171        0.28386
        5.56250       -0.94789        0.13912
        5.56250       -1.09767       -0.00298
        5.56250       -1.26244       -0.14768
        5.56250       -1.44369       -0.30273
        5.56250       -1.64306       -0.47671
        5.56250       -1.86236       -0.67722
        5.56250       -2.10360       -0.90998
        5.56250       -2.36896       -1.17880
        5.56250       -2.66085       -1.48602
        5.56250       -2.98194       -1.83324
        5.56250       -3.33513       -2.22183
        5.56250       -3.72364       -2.65306
        5.68750       -0.02750        1.76168
        5.68750       -0.08525        1.74641
        5.68750       -0.14877        1.54892
        5.68750       -0.21865        1.33351
        5.68750       -0.29552        1.12692
        5.68750       -0.38007        0.92960
        5.68750       -0.47308        0.75040
        5.68750       -0.57538        0.58795
        5.68750       -0.68792        0.43534
        5.68750       -0.81171        0.28836
        5.68750       -0.94789        0.14534
        5.68750       -1.09767        0.00406
        5.68750       -1.26244       -0.14035
        5.68750       -1.44369       -0.29528
        5.68750       -1.64306       -0.46896
        5.68750       -1.86236       -0.66880
        5.68750       -2.10360       -0.90045
        5.68750       -2.36896       -1.16771
        5.68750       -2.66085       -1.47297
        5.68750       -2.98194       -1.81781
        5.68750       -3.33513       -2.20349
        5.68750       -3.72364       -2.63103
        5.81250       -0.02750        1.76342
        5.81250       -0.08525        1.74954
        5.81250       -0.14877        1.55275
        5.81250       -0.21865        1.34271
        5.81250       -0.29552        1.14029
        5.81250       -0.38007        0.94339
        5.81250       -0.47308        0.76188
        5.81250       -0.57538        0.59672
        5.81250       -0.68792        0.44245
        5.81250       -0.81171        0.29503
        5.81250       -0.94789        0.15227
        5.81250       -1.09767        0.01132
        5.81250       -1.26244       -0.13297
        5.81250       -1.44369       -0.28790
        5.81250       -1.64306       -0.46146
        5.81250       -1.86236       -0.66083
        5.81250       -2.10360       -0.89154
        5.81250       -2.36896       -1.15739
        5.81250       -2.66085       -1.46078
        5.81250       -2.98194       -1.80327
        5.81250       -3.33513       -2.18607
        5.81250       -3.72364       -2.60999
        5.93750       -0.02750        2.53606
        5.93750       -0.08525        1.90246
        5.93750       -0.14877        1.51004
        5.93750       -0.21865        1.29604
        5.93750       -0.29552        1.12033
        5.93750       -0.38007        0.94435
        5.93750       -0.47308        0.77181
        5.93750       -0.57538        0.60716
        5.93750       -0.68792        0.45091
        5.93750       -0.81171        0.30221
        5.93750       -0.94789        0.15924
        5.93750       -1.09767        0.01846
        5.93750       -1.26244       -0.12578
        5.93750       -1.44369       -0.28080
        5.93750       -1.64306       -0.45435
        5.93750       -1.86236       -0.65338
        5.93750       -2.10360       -0.88328
        5.93750       -2.36896       -1.14782
        5.93750       -2.66085       -1.44943
        5.93750       -2.98194       -1.78968
        5.93750       -3.33513       -2.16968
        5.93750       -3.72364       -2.59009
        6.06250       -0.02750        2.52723
        6.06250       -0.08525        1.91474
        6.06250       -0.14877        1.51875
        6.06250       -0.21865        1.29682
        6.06250       -0.29552        1.11770
        6.06250       -0.38007        0.94157
        6.06250       -0.47308        0.77072
        6.06250       -0.57538        0.60837
        6.06250       -0.68792        0.45425
        6.06250       -0.81171        0.30721
        6.06250       -0.94789        0.16534
        6.06250       -1.09767        0.02511
        6.06250       -1.26244       -0.11902
        6.06250       -1.44369       -0.27415
        6.06250       -1.64306       -0.44774
        6.06250       -1.86236       -0.64649
        6.06250       -2.10360       -0.87566
        6.06250       -2.36896       -1.13899
        6.06250       -2.66085       -1.43892
        6.06250       -2.98194       -1.77702
        6.06250       -3.33513       -2.15436
        6.06250       -3.72364       -2.57142
        6.18750       -0.02750        1.76038
        6.18750       -0.08525        1.75266
        6.18750       -0.14877        1.56565
        6.18750       -0.21865        1.35672
        6.18750       -0.29552        1.15083
        6.18750       -0.38007        0.95144
        6.18750       -0.47308        0.77011
        6.18750       -0.57538        0.60705
        6.18750       -0.68792        0.45570
        6.18750       -0.81171        0.31123
        6.18750       -0.94789        0.17084
        6.18750       -1.09767        0.03120
        6.18750       -1.26244       -0.11287
        6.18750       -1.44369       -0.26812
        6.18750       -1.64306       -0.44172
        6.18750       -1.86236       -0.64019
        6.18750       -2.10360       -0.86867
        6.18750       -2.36896       -1.13087
        6.18750       -2.66085       -1.42924
        6.18750       -2.98194       -1.76533
        6.18750       -3.33513       -2.14015
        6.18750       -3.72364       -2.55407
        6.31250       -0.02750        1.76420
        6.31250       -0.08525        1.75703
        6.31250       -0.14877        1.56817
        6.31250       -0.21865        1.36250
        6.31250       -0.29552        1.16048
        6.31250       -0.38007        0.96237
        6.31250       -0.47308        0.77983
        6.31250       -0.57538        0.61480
        6.31250       -0.68792        0.46202
        6.31250       -0.81171        0.31691
        6.31250       -0.94789        0.17637
        6.31250       -1.09767        0.03669
        6.31250       -1.26244       -0.10746
        6.31250       -1.44369       -0.26281
        6.31250       -1.64306       -0.43637
        6.31250       -1.86236       -0.63450
        6.31250       -2.10360       -0.86230
        6.31250       -2.36896       -1.12343
        6.31250       -2.66085       -1.42034
        6.31250       -2.98194       -1.75457
        6.31250       -3.33513       -2.12706
        6.31250       -3.72364       -2.53807
        6.43750       -0.02750        2.53959
        6.43750       -0.08525        1.90707
        6.43750       -0.14877        1.51745
        6.43750       -0.21865        1.30812
        6.43750       -0.29552        1.13637
        6.43750       -0.38007        0.96242
        6.43750       -0.47308        0.79032
        6.43750       -0.57538        0.62577
        6.43750       -0.68792        0.47023
        6.43750       -0.81171        0.32291
        6.43750       -0.94789        0.18135
        6.43750       -1.09767        0.04133
        6.43750       -1.26244       -0.10294
        6.43750       -1.44369       -0.25828
        6.43750       -1.64306       -0.43167
        6.43750       -1.86236       -0.62940
        6.43750       -2.10360       -0.85650
        6.43750       -2.36896       -1.11662
        6.43750       -2.66085       -1.41219
        6.43750       -2.98194       -1.74473
        6.43750       -3.33513       -2.11510
        6.43750       -3.72364       -2.52344
        6.56250       -0.02750        2.53576
        6.56250       -0.08525        1.92583
        6.56250       -0.14877        1.53350
        6.56250       -0.21865        1.31461
        6.56250       -0.29552        1.13812
        6.56250       -0.38007        0.96296
        6.56250       -0.47308        0.79130
        6.56250       -0.57538        0.62761
        6.56250       -0.68792        0.47277
        6.56250       -0.81171        0.32590
        6.56250       -0.94789        0.18459
        6.56250       -1.09767        0.04473
        6.56250       -1.26244       -0.09940
        6.56250       -1.44369       -0.25454
        6.56250       -1.64306       -0.42761
        6.56250       -1.86236       -0.62484
        6.56250       -2.10360       -0.85124
        6.56250       -2.36896       -1.11042
        6.56250       -2.66085       -1.40479
        6.56250       -2.98194       -1.73581
        6.56250       -3.33513       -2.10427
        6.56250       -3.72364       -2.51019
        6.68750       -0.02750        1.75984
        6.68750       -0.08525        1.75958
        6.68750       -0.14877        1.58164
        6.68750       -0.21865        1.37866
        6.68750       -0.29552        1.17418
        6.68750       -0.38007        0.97340
        6.68750       -0.47308        0.78943
        6.68750       -0.57538        0.62394
        6.68750       -0.68792        0.47115
        6.68750       -0.81171        0.32630
        6.68750       -0.94789        0.18614
        6.68750       -1.09767        0.04688
        6.68750       -1.26244       -0.09682
        6.68750       -1.44369       -0.25153
        6.68750       -1.64306       -0.42411
        6.68750       -1.86236       -0.62077
        6.68750       -2.10360       -0.84647
        6.68750       -2.36896       -1.10480
        6.68750       -2.66085       -1.39811
        6.68750       -2.98194       -1.72779
        6.68750       -3.33513       -2.09457
        6.68750       -3.72364       -2.49833
        6.81250       -0.02750        1.75863
        6.81250       -0.08525        1.75940
        6.81250       -0.14877        1.58272
        6.81250       -0.21865        1.38318
        6.81250       -0.29552        1.18081
        6.81250       -0.38007        0.97964
        6.81250       -0.47308        0.79370
        6.81250       -0.57538        0.62616
        6.81250       -0.68792        0.47209
        6.81250       -0.81171        0.32677
        6.81250       -0.94789        0.18675
        6.81250       -1.09767        0.04797
        6.81250       -1.26244       -0.09510
        6.81250       -1.44369       -0.24915
        6.81250       -1.64306       -0.42110
        6.81250       -1.86236       -0.61713
        6.81250       -2.10360       -0.84217
        6.81250       -2.36896       -1.09975
        6.81250       -2.66085       -1.39215
        6.81250       -2.98194       -1.72070
        6.81250       -3.33513       -2.08601
        6.81250       -3.72364       -2.48787
        6.93750       -0.02750        2.53497
        6.93750       -0.08525        1.91745
        6.93750       -0.14877        1.53378
        6.93750       -0.21865        1.32257
        6.93750       -0.29552        1.14820
        6.93750       -0.38007        0.97159
        6.93750       -0.47308        0.79676
        6.93750       -0.57538        0.63005
        6.93750       -0.68792        0.47351
        6.93750       -0.81171        0.32646
        6.93750       -0.94789        0.18619
        6.93750       -1.09767        0.04804
        6.93750       -1.26244       -0.09412
        6.93750       -1.44369       -0.24730
        6.93750       -1.64306       -0.41849
        6.93750       -1.86236       -0.61387
        6.93750       -2.10360       -0.83831
        6.93750       -2.36896       -1.09526
        6.93750       -2.66085       -1.38692
        6.93750       -2.98194       -1.71453
        6.93750       -3.33513       -2.07861
        6.93750       -3.72364       -2.47882
        7.06250       -0.02750        2.52775
        7.06250       -0.08525        1.90733
        7.06250       -0.14877        1.51733
        7.06250       -0.21865        1.30618
        7.06250       -0.29552        1.13414
        7.06250       -0.38007        0.95990
        7.06250       -0.47308        0.78725
        7.06250       -0.57538        0.62247
        7.06250       -0.68792        0.46766
        7.06250       -0.81171        0.32229
        7.06250       -0.94789        0.18366
        7.06250       -1.09767        0.04706
        7.06250       -1.26244       -0.09376
        7.06250       -1.44369       -0.24587
        7.06250       -1.64306       -0.41626
        7.06250       -1.86236       -0.61103
        7.06250       -2.10360       -0.83496
        7.06250       -2.36896       -1.09141
        7.06250       -2.66085       -1.38249
        7.06250       -2.98194       -1.70935
        7.06250       -3.33513       -2.07241
        7.06250       -3.72364       -2.47122
        7.18750       -0.02750        1.74658
        7.18750       -0.08525        1.74606
        7.18750       -0.14877        1.56483
        7.18750       -0.21865        1.36049
        7.18750       -0.29552        1.15567
        7.18750       -0.38007        0.95457
        7.18750       -0.47308        0.77079
        7.18750       -0.57538        0.60656
        7.18750       -0.68792        0.45635
        7.18750       -0.81171        0.31530
        7.18750       -0.94789        0.17977
        7.18750       -1.09767        0.04536
        7.18750       -1.26244       -0.09388
        7.18750       -1.44369       -0.24486
        7.18750       -1.64306       -0.41445
        7.18750       -1.86236       -0.60867
        7.18750       -2.10360       -0.83219
        7.18750       -2.36896       -1.08826
        7.18750       -2.66085       -1.37892
        7.18750       -2.98194       -1.70522
        7.18750       -3.33513       -2.06747
        7.18750       -3.72364       -2.46510
        7.31250       -0.02750        1.73705
        7.31250       -0.08525        1.73627
        7.31250       -0.14877        1.55698
        7.31250       -0.21865        1.35504
        7.31250       -0.29552        1.15096
        7.31250       -0.38007        0.94907
        7.31250       -0.47308        0.76423
        7.31250       -0.57538        0.59963
        7.31250       -0.68792        0.44996
        7.31250       -0.81171        0.31017
        7.31250       -0.94789        0.17629
        7.31250       -1.09767        0.04353
        7.31250       -1.26244       -0.09431
        7.31250       -1.44369       -0.24424
        7.31250       -1.64306       -0.41313
        7.31250       -1.86236       -0.60690
        7.31250       -2.10360       -0.83012
        7.31250       -2.36896       -1.08595
        7.31250       -2.66085       -1.37632
        7.31250       -2.98194       -1.70221
        7.31250       -3.33513       -2.06383
        7.31250       -3.72364       -2.46050
        7.43750       -0.02750        2.50808
        7.43750       -0.08525        1.89067
        7.43750       -0.14877        1.50826
        7.43750       -0.21865        1.29901
        7.43750       -0.29552        1.12422
        7.43750       -0.38007        0.94589
        7.43750       -0.47308        0.76980
        7.43750       -0.57538        0.60357
        7.43750       -0.68792        0.44987
        7.43750       -0.81171        0.30780
        7.43750       -0.94789        0.17371
        7.43750       -1.09767        0.04180
        7.43750       -1.26244       -0.09501
        7.43750       -1.44369       -0.24412
        7.43750       -1.64306       -0.41246
        7.43750       -1.86236       -0.60589
        7.43750       -2.10360       -0.82891
        7.43750       -2.36896       -1.08460
        7.43750       -2.66085       -1.37482
        7.43750       -2.98194       -1.70045
        7.43750       -3.33513       -2.06161
        7.43750       -3.72364       -2.45752
        7.56250       -0.02750        2.50875
        7.56250       -0.08525        1.88940
        7.56250       -0.14877        1.50738
        7.56250       -0.21865        1.29866
        7.56250       -0.29552        1.12369
        7.56250       -0.38007        0.94464
        7.56250       -0.47308        0.76753
        7.56250       -0.57538        0.60040
        7.56250       -0.68792        0.44627
        7.56250       -0.81171        0.30439
        7.56250       -0.94789        0.17096
        7.56250       -1.09767        0.03988
        7.56250       -1.26244       -0.09616
        7.56250       -1.44369       -0.24468
        7.56250       -1.64306       -0.41263
        7.56250       -1.86236       -0.60585
        7.56250       -2.10360       -0.82877
        7.56250       -2.36896       -1.08441
        7.56250       -2.66085       -1.37457
        7.56250       -2.98194       -1.70006
        7.56250       -3.33513       -2.06091
        7.56250       -3.72364       -2.45621
        7.68750       -0.02750        1.72637
        7.68750       -0.08525        1.72293
        7.68750       -0.14877        1.53868
        7.68750       -0.21865        1.33522
        7.68750       -0.29552        1.13231
        7.68750       -0.38007        0.93207
        7.68750       -0.47308        0.74856
        7.68750       -0.57538        0.58505
        7.68750       -0.68792        0.43674
        7.68750       -0.81171        0.29895
        7.68750       -0.94789        0.16762
        7.68750       -1.09767        0.03753
        7.68750       -1.26244       -0.09796
        7.68750       -1.44369       -0.24613
        7.68750       -1.64306       -0.41387
        7.68750       -1.86236       -0.60698
        7.68750       -2.10360       -0.82988
        7.68750       -2.36896       -1.08554
        7.68750       -2.66085       -1.37572
        7.68750       -2.98194       -1.70117
        7.68750       -3.33513       -2.06184
        7.68750       -3.72364       -2.45670
        7.81250       -0.02750        1.71936
        7.81250       -0.08525        1.71340
        7.81250       -0.14877        1.52495
        7.81250       -0.21865        1.31784
        7.81250       -0.29552        1.11417
        7.81250       -0.38007        0.91605
        7.81250       -0.47308        0.73647
        7.81250       -0.57538        0.57690
        7.81250       -0.68792        0.43137
        7.81250       -0.81171        0.29511
        7.81250       -0.94789        0.16447
        7.81250       -1.09767        0.03468
        7.81250       -1.26244       -0.10066
        7.81250       -1.44369       -0.24872
        7.81250       -1.64306       -0.41639
        7.81250       -1.86236       -0.60950
        7.81250       -2.10360       -0.83243
        7.81250       -2.36896       -1.08819
        7.81250       -2.66085       -1.37848
        7.81250       -2.98194       -1.70398
        7.81250       -3.33513       -2.06457
        7.81250       -3.72364       -2.45907
        7.93750       -0.02750        2.49300
        7.93750       -0.08525        1.86882
        7.93750       -0.14877        1.48113
        7.93750       -0.21865        1.27251
        7.93750       -0.29552        1.09910
        7.93750       -0.38007        0.92232
        7.93750       -0.47308        0.74849
        7.93750       -0.57538        0.58495
        7.93750       -0.68792        0.43378
        7.93750       -0.81171        0.29382
        7.93750       -0.94789        0.16149
        7.93750       -1.09767        0.03107
        7.93750       -1.26244       -0.10449
        7.93750       -1.44369       -0.25265
        7.93750       -1.64306       -0.42039
        7.93750       -1.86236       -0.61357
        7.93750       -2.10360       -0.83663
        7.93750       -2.36896       -1.09253
        7.93750       -2.66085       -1.38297
        7.93750       -2.98194       -1.70860
        7.93750       -3.33513       -2.06920
        7.93750       -3.72364       -2.46347
        8.06250       -0.02750        2.50522
        8.06250       -0.08525        1.88837
        8.06250       -0.14877        1.50918
        8.06250       -0.21865        1.29833
        8.06250       -0.29552        1.11944
        8.06250       -0.38007        0.93659
        8.06250       -0.47308        0.75654
        8.06250       -0.57538        0.58761
        8.06250       -0.68792        0.43267
        8.06250       -0.81171        0.29056
        8.06250       -0.94789        0.15715
        8.06250       -1.09767        0.02619
        8.06250       -1.26244       -0.10969
        8.06250       -1.44369       -0.25806
        8.06250       -1.64306       -0.42598
        8.06250       -1.86236       -0.61934
        8.06250       -2.10360       -0.84258
        8.06250       -2.36896       -1.09870
        8.06250       -2.66085       -1.38937
        8.06250       -2.98194       -1.71520
        8.06250       -3.33513       -2.07589
        8.06250       -3.72364       -2.47002
        8.18750       -0.02750        1.71745
        8.18750       -0.08525        1.70996
        8.18750       -0.14877        1.52168
        8.18750       -0.21865        1.31814
        8.18750       -0.29552        1.11709
        8.18750       -0.38007        0.91819
        8.18750       -0.47308        0.73494
        8.18750       -0.57538        0.57083
        8.18750       -0.68792        0.42155
        8.18750       -0.81171        0.28278
        8.18750       -0.94789        0.15057
        8.18750       -1.09767        0.01975
        8.18750       -1.26244       -0.11635
        8.18750       -1.44369       -0.26503
        8.18750       -1.64306       -0.43325
        8.18750       -1.86236       -0.62689
        8.18750       -2.10360       -0.85043
        8.18750       -2.36896       -1.10685
        8.18750       -2.66085       -1.39783
        8.18750       -2.98194       -1.72392
        8.18750       -3.33513       -2.08478
        8.18750       -3.72364       -2.47883
        8.31250       -0.02750        1.70375
        8.31250       -0.08525        1.69194
        8.31250       -0.14877        1.49426
        8.31250       -0.21865        1.28234
        8.31250       -0.29552        1.07949
        8.31250       -0.38007        0.88520
        8.31250       -0.47308        0.71025
        8.31250       -0.57538        0.55413
        8.31250       -0.68792        0.41020
        8.31250       -0.81171        0.27409
        8.31250       -0.94789        0.14280
        8.31250       -1.09767        0.01200
        8.31250       -1.26244       -0.12443
        8.31250       -1.44369       -0.27354
        8.31250       -1.64306       -0.44221
        8.31250       -1.86236       -0.63628
        8.31250       -2.10360       -0.86024
        8.31250       -2.36896       -1.11708
        8.31250       -2.66085       -1.40847
        8.31250       -2.98194       -1.73493
        8.31250       -3.33513       -2.09601
        8.31250       -3.72364       -2.49003
        8.43750       -0.02750        2.47535
        8.43750       -0.08525        1.84383
        8.43750       -0.14877        1.45075
        8.43750       -0.21865        1.24119
        8.43750       -0.29552        1.06703
        8.43750       -0.38007        0.89014
        8.43750       -0.47308        0.71771
        8.43750       -0.57538        0.55633
        8.43750       -0.68792        0.40686
        8.43750       -0.81171        0.26755
        8.43750       -0.94789        0.13481
        8.43750       -1.09767        0.00328
        8.43750       -1.26244       -0.13377
        8.43750       -1.44369       -0.28352
        8.43750       -1.64306       -0.45283
        8.43750       -1.86236       -0.64754
        8.43750       -2.10360       -0.87211
        8.43750       -2.36896       -1.12952
        8.43750       -2.66085       -1.42142
        8.43750       -2.98194       -1.74833
        8.43750       -3.33513       -2.10972
        8.43750       -3.72364       -2.50375
        8.56250       -0.02750        2.49493
        8.56250       -0.08525        1.88100
        8.56250       -0.14877        1.50266
        8.56250       -0.21865        1.28730
        8.56250       -0.29552        1.10206
        8.56250       -0.38007        0.91340
        8.56250       -0.47308        0.72932
        8.56250       -0.57538        0.55842
        8.56250       -0.68792        0.40284
        8.56250       -0.81171        0.26035
        8.56250       -0.94789        0.12610
        8.56250       -1.09767       -0.00637
        8.56250       -1.26244       -0.14424
        8.56250       -1.44369       -0.29487
        8.56250       -1.64306       -0.46508
        8.56250       -1.86236       -0.66066
        8.56250       -2.10360       -0.88606
        8.56250       -2.36896       -1.14422
        8.56250       -2.66085       -1.43680
        8.56250       -2.98194       -1.76427
        8.56250       -3.33513       -2.12605
        8.56250       -3.72364       -2.52011
        8.68750       -0.02750        1.70222
        8.68750       -0.08525        1.68960
        8.68750       -0.14877        1.49561
        8.68750       -0.21865        1.28997
        8.68750       -0.29552        1.08872
        8.68750       -0.38007        0.88921
        8.68750       -0.47308        0.70489
        8.68750       -0.57538        0.53971
        8.68750       -0.68792        0.38950
        8.68750       -0.81171        0.24971
        8.68750       -0.94789        0.11604
        8.68750       -1.09767       -0.01692
        8.68750       -1.26244       -0.15575
        8.68750       -1.44369       -0.30750
        8.68750       -1.64306       -0.47890
        8.68750       -1.86236       -0.67566
        8.68750       -2.10360       -0.90215
        8.68750       -2.36896       -1.16131
        8.68750       -2.66085       -1.45475
        8.68750       -2.98194       -1.78292
        8.68750       -3.33513       -2.14514
        8.68750       -3.72364       -2.53926
        8.81250       -0.02750        1.67809
        8.81250       -0.08525        1.65854
        8.81250       -0.14877        1.44760
        8.81250       -0.21865        1.23001
        8.81250       -0.29552        1.02955
        8.81250       -0.38007        0.84052
        8.81250       -0.47308        0.67073
        8.81250       -0.57538        0.51790
        8.81250       -0.68792        0.37511
        8.81250       -0.81171        0.23848
        8.81250       -0.94789        0.10541
        8.81250       -1.09767       -0.02817
        8.81250       -1.26244       -0.16818
        8.81250       -1.44369       -0.32137
        8.81250       -1.64306       -0.49429
        8.81250       -1.86236       -0.69254
        8.81250       -2.10360       -0.92044
        8.81250       -2.36896       -1.18086
        8.81250       -2.66085       -1.47537
        8.81250       -2.98194       -1.80438
        8.81250       -3.33513       -2.16714
        8.81250       -3.72364       -2.56130
        8.93750       -0.02750        2.44580
        8.93750       -0.08525        1.79877
        8.93750       -0.14877        1.40057
        8.93750       -0.21865        1.19534
        8.93750       -0.29552        1.02374
        8.93750       -0.38007        0.84829
        8.93750       -0.47308        0.67775
        8.93750       -0.57538        0.51829
        8.93750       -0.68792        0.36976
        8.93750       -0.81171        0.22990
        8.93750       -0.94789        0.09509
        8.93750       -1.09767       -0.03990
        8.93750       -1.26244       -0.18146
        8.93750       -1.44369       -0.33642
        8.93750       -1.64306       -0.51122
        8.93750       -1.86236       -0.71136
        8.93750       -2.10360       -0.94100
        8.93750       -2.36896       -1.20298
        8.93750       -2.66085       -1.49879
        8.93750       -2.98194       -1.82880
        8.93750       -3.33513       -2.19216
        8.93750       -3.72364       -2.58634
        9.06250       -0.02750        2.47594
        9.06250       -0.08525        1.87191
        9.06250       -0.14877        1.49747
        9.06250       -0.21865        1.27646
        9.06250       -0.29552        1.08289
        9.06250       -0.38007        0.88657
        9.06250       -0.47308        0.69698
        9.06250       -0.57538        0.52299
        9.06250       -0.68792        0.36571
        9.06250       -0.81171        0.22150
        9.06250       -0.94789        0.08447
        9.06250       -1.09767       -0.05220
        9.06250       -1.26244       -0.19561
        9.06250       -1.44369       -0.35269
        9.06250       -1.64306       -0.52978
        9.06250       -1.86236       -0.73218
        9.06250       -2.10360       -0.96396
        9.06250       -2.36896       -1.22781
        9.06250       -2.66085       -1.52517
        9.06250       -2.98194       -1.85633
        9.06250       -3.33513       -2.22037
        9.06250       -3.72364       -2.61452
        9.18750       -0.02750        1.67869
        9.18750       -0.08525        1.66236
        9.18750       -0.14877        1.46619
        9.18750       -0.21865        1.26123
        9.18750       -0.29552        1.06039
        9.18750       -0.38007        0.85929
        9.18750       -0.47308        0.67229
        9.18750       -0.57538        0.50454
        9.18750       -0.68792        0.35214
        9.18750       -0.81171        0.20992
        9.18750       -0.94789        0.07275
        9.18750       -1.09767       -0.06527
        9.18750       -1.26244       -0.21073
        9.18750       -1.44369       -0.37028
        9.18750       -1.64306       -0.55005
        9.18750       -1.86236       -0.75516
        9.18750       -2.10360       -0.98945
        9.18750       -2.36896       -1.25552
        9.18750       -2.66085       -1.55468
        9.18750       -2.98194       -1.88717
        9.18750       -3.33513       -2.25192
        9.18750       -3.72364       -2.64593
        9.31250       -0.02750        1.64472
        9.31250       -0.08525        1.61749
        9.31250       -0.14877        1.39165
        9.31250       -0.21865        1.16949
        9.31250       -0.29552        0.97434
        9.31250       -0.38007        0.79266
        9.31250       -0.47308        0.62859
        9.31250       -0.57538        0.47855
        9.31250       -0.68792        0.33590
        9.31250       -0.81171        0.19734
        9.31250       -0.94789        0.06040
        9.31250       -1.09767       -0.07908
        9.31250       -1.26244       -0.22689
        9.31250       -1.44369       -0.38932
        9.31250       -1.64306       -0.57222
        9.31250       -1.86236       -0.78045
        9.31250       -2.10360       -1.01769
        9.31250       -2.36896       -1.28631
        9.31250       -2.66085       -1.58754
        9.31250       -2.98194       -1.92148
        9.31250       -3.33513       -2.28696
        9.31250       -3.72364       -2.68070
        9.43750       -0.02750        2.40871
        9.43750       -0.08525        1.73860
        9.43750       -0.14877        1.33443
        9.43750       -0.21865        1.13851
        9.43750       -0.29552        0.97316
        9.43750       -0.38007        0.80141
        9.43750       -0.47308        0.63402
        9.43750       -0.57538        0.47685
        9.43750       -0.68792        0.32883
        9.43750       -0.81171        0.18718
        9.43750       -0.94789        0.04811
        9.43750       -1.09767       -0.09365
        9.43750       -1.26244       -0.24427
        9.43750       -1.44369       -0.41001
        9.43750       -1.64306       -0.59650
        9.43750       -1.86236       -0.80834
        9.43750       -2.10360       -1.04892
        9.43750       -2.36896       -1.32045
        9.43750       -2.66085       -1.62397
        9.43750       -2.98194       -1.95949
        9.43750       -3.33513       -2.32567
        9.43750       -3.72364       -2.71891
        9.56250       -0.02750        2.45315
        9.56250       -0.08525        1.86360
        9.56250       -0.14877        1.49415
        9.56250       -0.21865        1.26642
        9.56250       -0.29552        1.06324
        9.56250       -0.38007        0.85797
        9.56250       -0.47308        0.66188
        9.56250       -0.57538        0.48419
        9.56250       -0.68792        0.32460
        9.56250       -0.81171        0.17741
        9.56250       -0.94789        0.03528
        9.56250       -1.09767       -0.10922
        9.56250       -1.26244       -0.26310
        9.56250       -1.44369       -0.43263
        9.56250       -1.64306       -0.62322
        9.56250       -1.86236       -0.83913
        9.56250       -2.10360       -1.08347
        9.56250       -2.36896       -1.35821
        9.56250       -2.66085       -1.66424
        9.56250       -2.98194       -2.00141
        9.56250       -3.33513       -2.36821
        9.56250       -3.72364       -2.76063
        9.68750       -0.02750        1.64869
        9.68750       -0.08525        1.63128
        9.68750       -0.14877        1.43741
        9.68750       -0.21865        1.23606
        9.68750       -0.29552        1.03564
        9.68750       -0.38007        0.83105
        9.68750       -0.47308        0.63907
        9.68750       -0.57538        0.46694
        9.68750       -0.68792        0.31089
        9.68750       -0.81171        0.16445
        9.68750       -0.94789        0.02100
        9.68750       -1.09767       -0.12619
        9.68750       -1.26244       -0.28370
        9.68750       -1.44369       -0.45754
        9.68750       -1.64306       -0.65275
        9.68750       -1.86236       -0.87323
        9.68750       -2.10360       -1.12174
        9.68750       -2.36896       -1.39998
        9.68750       -2.66085       -1.70867
        9.68750       -2.98194       -2.04752
        9.68750       -3.33513       -2.41478
        9.68750       -3.72364       -2.80595
        9.81250       -0.02750        1.60267
        9.81250       -0.08525        1.56907
        9.81250       -0.14877        1.32822
        9.81250       -0.21865        1.10342
        9.81250       -0.29552        0.91668
        9.81250       -0.38007        0.74406
        9.81250       -0.47308        0.58566
        9.81250       -0.57538        0.43722
        9.81250       -0.68792        0.29287
        9.81250       -0.81171        0.14985
        9.81250       -0.94789        0.00549
        9.81250       -1.09767       -0.14473
        9.81250       -1.26244       -0.30646
        9.81250       -1.44369       -0.48521
        9.81250       -1.64306       -0.68561
        9.81250       -1.86236       -0.91114
        9.81250       -2.10360       -1.16420
        9.81250       -2.36896       -1.44620
        9.81250       -2.66085       -1.75765
        9.81250       -2.98194       -2.09809
        9.81250       -3.33513       -2.46552
        9.81250       -3.72364       -2.85489
        9.93750       -0.02750        2.36119
        9.93750       -0.08525        1.65904
        9.93750       -0.14877        1.24569
        9.93750       -0.21865        1.06540
        9.93750       -0.29552        0.91172
        9.93750       -0.38007        0.74770
        9.93750       -0.47308        0.58612
        9.93750       -0.57538        0.43193
        9.93750       -0.68792        0.28315
        9.93750       -0.81171        0.13683
        9.93750       -0.94789       -0.01087
        9.93750       -1.09767       -0.16517
        9.93750       -1.26244       -0.33185
        9.93750       -1.44369       -0.51619
        9.93750       -1.64306       -0.72238
        9.93750       -1.86236       -0.95345
        9.93750       -2.10360       -1.21140
        9.93750       -2.36896       -1.49733
        9.93750       -2.66085       -1.81156
        9.93750       -2.98194       -2.15343
        9.93750       -3.33513       -2.52060
        9.93750       -3.72364       -2.90739
       10.06250       -0.02750        2.42610
       10.06250       -0.08525        1.85436
       10.06250       -0.14877        1.49050
       10.06250       -0.21865        1.25448
       10.06250       -0.29552        1.03994
       10.06250       -0.38007        0.82454
       10.06250       -0.47308        0.62155
       10.06250       -0.57538        0.43996
       10.06250       -0.68792        0.27677
       10.06250       -0.81171        0.12345
       10.06250       -0.94789       -0.02893
       10.06250       -1.09767       -0.18813
       10.06250       -1.26244       -0.36057
       10.06250       -1.44369       -0.55125
       10.06250       -1.64306       -0.76385
       10.06250       -1.86236       -1.00089
       10.06250       -2.10360       -1.26398
       10.06250       -2.36896       -1.55393
       10.06250       -2.66085       -1.87084
       10.06250       -2.98194       -2.21381
       10.06250       -3.33513       -2.58014
       10.06250       -3.72364       -2.96333
       10.18750       -0.02750        1.61447
       10.18750       -0.08525        1.59830
       10.18750       -0.14877        1.41166
       10.18750       -0.21865        1.21659
       10.18750       -0.29552        1.01529
       10.18750       -0.38007        0.80357
       10.18750       -0.47308        0.60271
       10.18750       -0.57538        0.42327
       10.18750       -0.68792        0.26086
       10.18750       -0.81171        0.10613
       10.18750       -0.94789       -0.04985
       10.18750       -1.09767       -0.21446
       10.18750       -1.26244       -0.39351
       10.18750       -1.44369       -0.59132
       10.18750       -1.64306       -0.81093
       10.18750       -1.86236       -1.05434
       10.18750       -2.10360       -1.32271
       10.18750       -2.36896       -1.61661
       10.18750       -2.66085       -1.93593
       10.18750       -2.98194       -2.27953
       10.18750       -3.33513       -2.64418
       10.18750       -3.72364       -3.02251
       10.31250       -0.02750        1.55287
       10.31250       -0.08525        1.51329
       10.31250       -0.14877        1.25642
       10.31250       -0.21865        1.03277
       10.31250       -0.29552        0.85937
       10.31250       -0.38007        0.69648
       10.31250       -0.47308        0.54092
       10.31250       -0.57538        0.39008
       10.31250       -0.68792        0.23953
       10.31250       -0.81171        0.08610
       10.31250       -0.94789       -0.07388
       10.31250       -1.09767       -0.24503
       10.31250       -1.26244       -0.43180
       10.31250       -1.44369       -0.63761
       10.31250       -1.64306       -0.86480
       10.31250       -1.86236       -1.11480
       10.31250       -2.10360       -1.38844
       10.31250       -2.36896       -1.68605
       10.31250       -2.66085       -2.00731
       10.31250       -2.98194       -2.35077
       10.31250       -3.33513       -2.71265
       10.31250       -3.72364       -3.08447
       10.43750       -0.02750        2.29321
       10.43750       -0.08525        1.53529
       10.43750       -0.14877        1.10389
       10.43750       -0.21865        0.95831
       10.43750       -0.29552        0.83087
       10.43750       -0.38007        0.68377
       10.43750       -0.47308        0.53204
       10.43750       -0.57538        0.37980
       10.43750       -0.68792        0.22518
       10.43750       -0.81171        0.06584
       10.43750       -0.94789       -0.10156
       10.43750       -1.09767       -0.28125
       10.43750       -1.26244       -0.47704
       10.43750       -1.44369       -0.69167
       10.43750       -1.64306       -0.92683
       10.43750       -1.86236       -1.18347
       10.43750       -2.10360       -1.46214
       10.43750       -2.36896       -1.76296
       10.43750       -2.66085       -2.08542
       10.43750       -2.98194       -2.42771
       10.43750       -3.33513       -2.78529
       10.43750       -3.72364       -3.14858
       10.56250       -0.02750        2.38880
       10.56250       -0.08525        1.84188
       10.56250       -0.14877        1.48183
       10.56250       -0.21865        1.23175
       10.56250       -0.29552        1.00234
       10.56250       -0.38007        0.77711
       10.56250       -0.47308        0.56972
       10.56250       -0.57538        0.38443
       10.56250       -0.68792        0.21223
       10.56250       -0.81171        0.04176
       10.56250       -0.94789       -0.13555
       10.56250       -1.09767       -0.32543
       10.56250       -1.26244       -0.53140
       10.56250       -1.44369       -0.75547
       10.56250       -1.64306       -0.99870
       10.56250       -1.86236       -1.26172
       10.56250       -2.10360       -1.54485
       10.56250       -2.36896       -1.84807
       10.56250       -2.66085       -2.17064
       10.56250       -2.98194       -2.51028
       10.56250       -3.33513       -2.86161
       10.56250       -3.72364       -3.21392
       10.68750       -0.02750        1.56661
       10.68750       -0.08525        1.55681
       10.68750       -0.14877        1.38695
       10.68750       -0.21865        1.20050
       10.68750       -0.29552        0.99310
       10.68750       -0.38007        0.76750
       10.68750       -0.47308        0.55346
       10.68750       -0.57538        0.36289
       10.68750       -0.68792        0.18562
       10.68750       -0.81171        0.00772
       10.68750       -0.94789       -0.17963
       10.68750       -1.09767       -0.38077
       10.68750       -1.26244       -0.59771
       10.68750       -1.44369       -0.83140
       10.68750       -1.64306       -1.08238
       10.68750       -1.86236       -1.35105
       10.68750       -2.10360       -1.63764
       10.68750       -2.36896       -1.94202
       10.68750       -2.66085       -2.26316
       10.68750       -2.98194       -2.59819
       10.68750       -3.33513       -2.94075
       10.68750       -3.72364       -3.27922
       10.81250       -0.02750        1.49127
       10.81250       -0.08525        1.44806
       10.81250       -0.14877        1.17787
       10.81250       -0.21865        0.96569
       10.81250       -0.29552        0.80988
       10.81250       -0.38007        0.64964
       10.81250       -0.47308        0.48551
       10.81250       -0.57538        0.31979
       10.81250       -0.68792        0.14688
       10.81250       -0.81171       -0.03821
       10.81250       -0.94789       -0.23745
       10.81250       -1.09767       -0.45122
       10.81250       -1.26244       -0.67949
       10.81250       -1.44369       -0.92235
       10.81250       -1.64306       -1.18010
       10.81250       -1.86236       -1.45309
       10.81250       -2.10360       -1.74157
       10.81250       -2.36896       -2.04529
       10.81250       -2.66085       -2.36284
       10.81250       -2.98194       -2.69063
       10.81250       -3.33513       -3.02135
       10.81250       -3.72364       -3.34287
       10.93750       -0.02750        2.17400
       10.93750       -0.08525        1.25920
       10.93750       -0.14877        0.74664
       10.93750       -0.21865        0.76075
       10.93750       -0.29552        0.72322
       10.93750       -0.38007        0.61320
       10.93750       -0.47308        0.46468
       10.93750       -0.57538        0.29326
       10.93750       -0.68792        0.10466
       10.93750       -0.81171       -0.09849
       10.93750       -0.94789       -0.31446
       10.93750       -1.09767       -0.54216
       10.93750       -1.26244       -0.78116
       10.93750       -1.44369       -1.03168
       10.93750       -1.64306       -1.29423
       10.93750       -1.86236       -1.56940
       10.93750       -2.10360       -1.85747
       10.93750       -2.36896       -2.15798
       10.93750       -2.66085       -2.46900
       10.93750       -2.98194       -2.78617
       10.93750       -3.33513       -3.10141
       10.93750       -3.72364       -3.40295
       11.06250       -0.02750        2.33072
       11.06250       -0.08525        1.82276
       11.06250       -0.14877        1.43695
       11.06250       -0.21865        1.15213
       11.06250       -0.29552        0.91954
       11.06250       -0.38007        0.70275
       11.06250       -0.47308        0.48657
       11.06250       -0.57538        0.26678
       11.06250       -0.68792        0.04249
       11.06250       -0.81171       -0.18662
       11.06250       -0.94789       -0.42091
       11.06250       -1.09767       -0.66106
       11.06250       -1.26244       -0.90803
       11.06250       -1.44369       -1.16300
       11.06250       -1.64306       -1.42712
       11.06250       -1.86236       -1.70125
       11.06250       -2.10360       -1.98561
       11.06250       -2.36896       -2.27938
       11.06250       -2.66085       -2.58002
       11.06250       -2.98194       -2.88241
       11.06250       -3.33513       -3.17832
       11.06250       -3.72364       -3.45738
       11.18750       -0.02750        1.43438
       11.18750       -0.08525        1.47170
       11.18750       -0.14877        1.34876
       11.18750       -0.21865        1.15340
       11.18750       -0.29552        0.92211
       11.18750       -0.38007        0.67438
       11.18750       -0.47308        0.42140
       11.18750       -0.57538        0.16914
       11.18750       -0.68792       -0.08009
       11.18750       -0.81171       -0.32640
       11.18750       -0.94789       -0.57130
       11.18750       -1.09767       -0.81698
       11.18750       -1.26244       -1.06575
       11.18750       -1.44369       -1.31972
       11.18750       -1.64306       -1.58050
       11.18750       -1.86236       -1.84899
       11.18750       -2.10360       -2.12510
       11.18750       -2.36896       -2.40745
       11.18750       -2.66085       -2.69286
       11.18750       -2.98194       -2.97587
       11.18750       -3.33513       -3.24895
       11.18750       -3.72364       -3.50429
       11.31250       -0.02750        1.21721
       11.31250       -0.08525        1.23452
       11.31250       -0.14877        1.10346
       11.31250       -0.21865        0.90674
       11.31250       -0.29552        0.67841
       11.31250       -0.38007        0.43581
       11.31250       -0.47308        0.18853
       11.31250       -0.57538       -0.05818
       11.31250       -0.68792       -0.30186
       11.31250       -0.81171       -0.54217
       11.31250       -0.94789       -0.78032
       11.31250       -1.09767       -1.01843
       11.31250       -1.26244       -1.25889
       11.31250       -1.44369       -1.50377
       11.31250       -1.64306       -1.75435
       11.31250       -1.86236       -2.01096
       11.31250       -2.10360       -2.27282
       11.31250       -2.36896       -2.53789
       11.31250       -2.66085       -2.80265
       11.31250       -2.98194       -3.06201
       11.31250       -3.33513       -3.31015
       11.31250       -3.72364       -3.54233
       11.43750       -0.02750        1.65552
       11.43750       -0.08525        1.06764
       11.43750       -0.14877        0.61411
       11.43750       -0.21865        0.30851
       11.43750       -0.29552        0.09387
       11.43750       -0.38007       -0.08873
       11.43750       -0.47308       -0.26873
       11.43750       -0.57538       -0.45534
       11.43750       -0.68792       -0.64953
       11.43750       -0.81171       -0.85021
       11.43750       -0.94789       -1.05665
       11.43750       -1.09767       -1.26892
       11.43750       -1.26244       -1.48753
       11.43750       -1.44369       -1.71277
       11.43750       -1.64306       -1.94437
       11.43750       -1.86236       -2.18129
       11.43750       -2.10360       -2.42179
       11.43750       -2.36896       -2.66336
       11.43750       -2.66085       -2.90268
       11.43750       -2.98194       -3.13590
       11.43750       -3.33513       -3.35937
       11.43750       -3.72364       -3.57099
