    P+   P-        C+   C-  Normalised_Error  Observed_Rho  Calculated_Rho  Observed_Phase  Calculated_Phase  Original_Weight   Final_Weight   C
    1    2         4    3        0.02824         99.252         99.199           -9.958          -10.132         0.14142E+00    0.14142E+00    0
    2    3         5    4        0.09262        102.599        102.837           -9.905          -10.161         0.14142E+00    0.15862E+00    1
    3    4         6    5        0.54054         84.660         83.245          -10.222          -10.379         0.14142E+00    0.17661E+00    1
    4    5         7    6        2.83587         61.224         55.541          -10.602          -10.833         0.14142E+00    0.18535E+00    1
    5    6         8    7        3.50007         61.279         54.066          -10.602          -10.851         0.14142E+00    0.18916E+00    1
    6    7         9    8        0.55033         84.698         85.637          -10.222          -10.093         0.14142E+00    0.14158E+00    1
    7    8        10    9        0.98417        102.603        104.642           -9.905           -9.923         0.14142E+00    0.14142E+00    0
    8    9        11   10        1.19774         98.942         96.600           -9.956          -10.108         0.14142E+00    0.14142E+00    0
    9   10        12   11        1.08339         97.388         95.300           -9.981          -10.178         0.14142E+00    0.14142E+00    0
   10   11        13   12        0.56798         96.886         95.792           -9.988          -10.171         0.14142E+00    0.14142E+00    0
   11   12        14   13        0.17826         96.565         96.222           -9.990          -10.123         0.14142E+00    0.14142E+00    0
   12   13        15   14        0.01998         96.607         96.645           -9.988          -10.058         0.14142E+00    0.14142E+00    0
   13   14        16   15        0.29698         96.522         97.097           -9.985           -9.946         0.14142E+00    0.14142E+00    0
   14   15        17   16        0.29807         96.548         97.126           -9.981           -9.844         0.14142E+00    0.14142E+00    0
   15   16        18   17        0.19292         96.546         96.918           -9.980           -9.754         0.14142E+00    0.14142E+00    0
   16   17        19   18        0.13249         96.530         96.785           -9.981           -9.728         0.14142E+00    0.14142E+00    0
   17   18        20   19        0.01571         96.506         96.529           -9.983           -9.773         0.14142E+00    0.14142E+00    0
   18   19        21   20        0.11475         96.494         96.273           -9.983           -9.882         0.14142E+00    0.14142E+00    0
   19   20        22   21        0.12377         96.486         96.247           -9.982          -10.014         0.14142E+00    0.14142E+00    0
   20   21        23   22        0.09100         96.578         96.403           -9.980          -10.115         0.14142E+00    0.14142E+00    0
   21   22        24   23        0.04462         96.640         96.725           -9.982          -10.152         0.14142E+00    0.14142E+00    0
    1    2         5    4        1.53122        109.776        104.475           -9.830          -10.247         0.14142E+00    0.17979E+00    1
    2    3         6    5        3.03530         78.047         70.165          -10.370          -10.710         0.14142E+00    0.18728E+00    1
    3    4         7    6        0.99108         40.316         39.525          -11.727          -11.717         0.14142E+00    0.14142E+00    0
    4    5         8    7        1.55792         33.233         34.284          -12.267          -12.077         0.14142E+00    0.14142E+00    0
    5    6         9    8        2.39348         40.275         37.979          -11.726          -11.807         0.14142E+00    0.15657E+00    1
    6    7        10    9        1.06699         78.014         75.790          -10.368          -10.428         0.14142E+00    0.16466E+00    1
    7    8        11   10        0.47492        109.590        110.636           -9.826           -9.908         0.14142E+00    0.14142E+00    0
    8    9        12   11        0.01122        104.475        104.452           -9.898           -9.964         0.14142E+00    0.14142E+00    0
    9   10        13   12        0.41466        101.114        100.279           -9.946          -10.012         0.14142E+00    0.14142E+00    0
   10   11        14   13        0.38878         99.830         99.057           -9.961          -10.025         0.14142E+00    0.14142E+00    0
   11   12        15   14        0.30918         99.286         98.673           -9.962          -10.010         0.14142E+00    0.14142E+00    0
   12   13        16   15        0.01453         99.012         99.040           -9.956           -9.945         0.14142E+00    0.14142E+00    0
   13   14        17   16        0.12386         98.927         99.172           -9.952           -9.910         0.14142E+00    0.14142E+00    0
   14   15        18   17        0.03922         98.811         98.888           -9.962           -9.928         0.14142E+00    0.14142E+00    0
   15   16        19   18        0.07298         98.770         98.914           -9.988           -9.958         0.14142E+00    0.14142E+00    0
   16   17        20   19        0.05704         98.769         98.882          -10.016          -10.022         0.14142E+00    0.14142E+00    0
   17   18        21   20        0.02898         98.731         98.788          -10.028          -10.089         0.14142E+00    0.14142E+00    0
   18   19        22   21        0.01584         98.744         98.773          -10.017          -10.142         0.14142E+00    0.14142E+00    0
   19   20        23   22        0.01108         98.794         98.784           -9.989          -10.187         0.14142E+00    0.14142E+00    0
   20   21        24   23        0.01412         98.993         99.003           -9.964          -10.227         0.14142E+00    0.14142E+00    0
    1    2         6    5        4.03821         73.451         63.203          -10.449          -10.918         0.14142E+00    0.19290E+00    1
    2    3         7    6        0.43254         34.784         35.086          -12.211          -12.056         0.14142E+00    0.14142E+00    0
    3    4         8    7        2.21106         32.908         34.396          -12.872          -12.413         0.14142E+00    0.14142E+00    0
    4    5         9    8        1.59045         32.914         33.978          -12.871          -12.465         0.14142E+00    0.14142E+00    0
    5    6        10    9        0.93552         34.768         34.124          -12.207          -12.121         0.14142E+00    0.14142E+00    0
    6    7        11   10        0.86092         73.266         71.585          -10.443          -10.532         0.14142E+00    0.16418E+00    1
    7    8        12   11        0.43498        113.180        112.133           -9.760           -9.851         0.14142E+00    0.14618E+00    1
    8    9        13   12        0.32205        108.195        108.894           -9.833           -9.855         0.14142E+00    0.14142E+00    0
    9   10        14   13        0.02212        103.256        103.211           -9.894           -9.899         0.14142E+00    0.14142E+00    0
   10   11        15   14        0.29159        101.312        100.723           -9.913           -9.934         0.14142E+00    0.14142E+00    0
   11   12        16   15        0.04385        100.358        100.446           -9.914           -9.915         0.14142E+00    0.14142E+00    0
   12   13        17   16        0.15186         99.915        100.219           -9.922           -9.931         0.14142E+00    0.14142E+00    0
   13   14        18   17        0.01009         99.718         99.738           -9.961          -10.012         0.14142E+00    0.14142E+00    0
   14   15        19   18        0.05119         99.557         99.455          -10.040          -10.142         0.14142E+00    0.14142E+00    0
   15   16        20   19        0.05639         99.457         99.568          -10.137          -10.253         0.14142E+00    0.14142E+00    0
   16   17        21   20        0.04335         99.374         99.459          -10.206          -10.344         0.14142E+00    0.14142E+00    0
   17   18        22   21        0.05399         99.451         99.345          -10.207          -10.371         0.14142E+00    0.14142E+00    0
   18   19        23   22        0.06628         99.495         99.365          -10.139          -10.349         0.14142E+00    0.14142E+00    0
   19   20        24   23        0.06822         99.655         99.522          -10.044          -10.326         0.14142E+00    0.14142E+00    0
    1    2         7    6        1.59189         32.762         33.822          -12.415          -12.175         0.14142E+00    0.14142E+00    0
    2    3         8    7        1.08913         36.351         37.152          -12.745          -12.346         0.14142E+00    0.14142E+00    0
    3    4         9    8        0.47893         40.617         40.228          -12.706          -12.444         0.14142E+00    0.14178E+00    1
    4    5        10    9        0.48920         36.315         36.672          -12.738          -12.442         0.14142E+00    0.14142E+00    0
    5    6        11   10        0.87173         32.690         33.265          -12.404          -12.195         0.14142E+00    0.14142E+00    0
    6    7        12   11        0.71420         69.705         68.451          -10.481          -10.555         0.14142E+00    0.15943E+00    1
    7    8        13   12        1.01304        115.116        112.411           -9.698           -9.804         0.14142E+00    0.15323E+00    1
    8    9        14   13        0.40756        110.845        111.753           -9.760           -9.791         0.14142E+00    0.14142E+00    0
    9   10        15   14        0.12115        105.252        105.507           -9.826           -9.841         0.14142E+00    0.14142E+00    0
   10   11        16   15        0.21961        102.562        103.014           -9.855           -9.860         0.14142E+00    0.14142E+00    0
   11   12        17   16        0.25323        101.317        101.831           -9.889           -9.917         0.14142E+00    0.14142E+00    0
   12   13        18   17        0.11880        100.531        100.770           -9.971          -10.040         0.14142E+00    0.14142E+00    0
   13   14        19   18        0.06738        100.324        100.189          -10.117          -10.221         0.14142E+00    0.14142E+00    0
   14   15        20   19        0.09451        100.045         99.856          -10.299          -10.424         0.14142E+00    0.14142E+00    0
   15   16        21   20        0.03018         99.908         99.968          -10.458          -10.552         0.14142E+00    0.14142E+00    0
   16   17        22   21        0.03378         99.864         99.797          -10.524          -10.603         0.14142E+00    0.14142E+00    0
   17   18        23   22        0.18930        100.008         99.630          -10.461          -10.558         0.14142E+00    0.14142E+00    0
   18   19        24   23        0.16976        100.096         99.757          -10.305          -10.468         0.14142E+00    0.14142E+00    0
    1    2         8    7        0.31217         40.150         40.401          -12.523          -12.171         0.14142E+00    0.14142E+00    0
    2    3         9    8        1.09526         46.834         45.682          -12.418          -12.243         0.14142E+00    0.15084E+00    1
    3    4        10    9        1.04233         46.817         45.542          -12.412          -12.308         0.14142E+00    0.16271E+00    1
    4    5        11   10        0.29035         39.996         39.745          -12.505          -12.321         0.14142E+00    0.14733E+00    1
    5    6        12   11        1.80029         31.838         33.005          -12.471          -12.188         0.14142E+00    0.14142E+00    0
    6    7        13   12        0.59900         67.015         66.047          -10.493          -10.567         0.14142E+00    0.15588E+00    1
    7    8        14   13        1.48538        116.151        111.809           -9.633           -9.786         0.14142E+00    0.16016E+00    1
    8    9        15   14        0.15940        113.095        113.456           -9.682           -9.775         0.14142E+00    0.14142E+00    0
    9   10        16   15        0.56011        106.863        108.067           -9.762           -9.799         0.14142E+00    0.14142E+00    0
   10   11        17   16        0.43241        103.654        104.554           -9.843           -9.881         0.14142E+00    0.14142E+00    0
   11   12        18   17        0.18535        102.061        102.440           -9.981          -10.032         0.14142E+00    0.14142E+00    0
   12   13        19   18        0.04945        101.160        101.260          -10.194          -10.242         0.14142E+00    0.14142E+00    0
   13   14        20   19        0.07449        100.735        100.585          -10.450          -10.484         0.14142E+00    0.14142E+00    0
   14   15        21   20        0.13402        100.459        100.190          -10.685          -10.697         0.14142E+00    0.14142E+00    0
   15   16        22   21        0.02676        100.268        100.321          -10.827          -10.777         0.14142E+00    0.14142E+00    0
   16   17        23   22        0.05982        100.244        100.125          -10.830          -10.752         0.14142E+00    0.14142E+00    0
   17   18        24   23        0.24094        100.445         99.962          -10.692          -10.637         0.14142E+00    0.14142E+00    0
    1    2         9    8        1.28405         52.144         50.630          -12.164          -11.997         0.14142E+00    0.15146E+00    1
    2    3        10    9        1.26443         53.710         51.940          -12.132          -12.070         0.14142E+00    0.16279E+00    1
    3    4        11   10        1.25005         52.039         50.205          -12.147          -12.139         0.14142E+00    0.16938E+00    1
    4    5        12   11        0.96767         43.413         42.384          -12.274          -12.190         0.14142E+00    0.15748E+00    1
    5    6        13   12        2.04100         31.588         32.904          -12.466          -12.176         0.14142E+00    0.14142E+00    0
    6    7        14   13        0.55848         64.694         63.835          -10.483          -10.596         0.14142E+00    0.15473E+00    1
    7    8        15   14        1.85914        116.287        110.535           -9.565           -9.806         0.14142E+00    0.16518E+00    1
    8    9        16   15        0.21290        114.602        115.091           -9.621           -9.765         0.14142E+00    0.14142E+00    0
    9   10        17   16        0.55532        108.145        109.353           -9.768           -9.845         0.14142E+00    0.14142E+00    0
   10   11        18   17        0.22789        104.564        105.041           -9.974          -10.006         0.14142E+00    0.14142E+00    0
   11   12        19   18        0.06295        102.757        102.886          -10.255          -10.228         0.14142E+00    0.14142E+00    0
   12   13        20   19        0.02910        101.588        101.647          -10.566          -10.487         0.14142E+00    0.14142E+00    0
   13   14        21   20        0.08905        101.092        100.912          -10.843          -10.730         0.14142E+00    0.14142E+00    0
   14   15        22   21        0.12613        100.758        100.505          -11.025          -10.889         0.14142E+00    0.14142E+00    0
   15   16        23   22        0.08632        100.521        100.694          -11.088          -10.886         0.14142E+00    0.14142E+00    0
   16   17        24   23        0.09950        100.682        100.484          -11.034          -10.785         0.14142E+00    0.14142E+00    0
    1    2        10    9        1.24631         59.225         57.413          -11.904          -11.801         0.14142E+00    0.15792E+00    1
    2    3        11   10        1.30385         59.156         57.085          -11.892          -11.885         0.14142E+00    0.16531E+00    1
    3    4        12   11        1.48232         56.476         54.011          -11.919          -11.985         0.14142E+00    0.17349E+00    1
    4    5        13   12        1.66635         46.588         44.471          -12.061          -12.095         0.14142E+00    0.16705E+00    1
    5    6        14   13        1.77804         31.574         32.717          -12.419          -12.187         0.14142E+00    0.14142E+00    0
    6    7        15   14        0.76159         62.868         61.723          -10.460          -10.655         0.14142E+00    0.15532E+00    1
    7    8        16   15        2.12282        116.186        109.655           -9.521           -9.826         0.14142E+00    0.16508E+00    1
    8    9        17   16        0.19868        115.717        115.258           -9.647           -9.838         0.14142E+00    0.14142E+00    0
    9   10        18   17        0.17249        109.041        109.417           -9.934           -9.987         0.14142E+00    0.14142E+00    0
   10   11        19   18        0.05069        105.236        105.343          -10.284          -10.205         0.14142E+00    0.14142E+00    0
   11   12        20   19        0.05549        103.136        103.249          -10.641          -10.463         0.14142E+00    0.14142E+00    0
   12   13        21   20        0.04056        101.938        102.018          -10.935          -10.713         0.14142E+00    0.14142E+00    0
   13   14        22   21        0.01632        101.314        101.290          -11.117          -10.895         0.14142E+00    0.14142E+00    0
   14   15        23   22        0.01152        100.932        100.935          -11.193          -10.964         0.14142E+00    0.14142E+00    0
   15   16        24   23        0.15183        100.830        101.136          -11.201          -10.879         0.14142E+00    0.14142E+00    0
    1    2        11   10        1.10916         64.537         62.807          -11.691          -11.606         0.14142E+00    0.15650E+00    1
    2    3        12   11        1.34889         63.552         61.231          -11.690          -11.722         0.14142E+00    0.16608E+00    1
    3    4        13   12        1.77540         60.240         56.955          -11.721          -11.877         0.14142E+00    0.17771E+00    1
    4    5        14   13        2.31378         49.368         45.955          -11.868          -12.049         0.14142E+00    0.17594E+00    1
    5    6        15   14        1.23114         31.659         32.448          -12.358          -12.232         0.14142E+00    0.14142E+00    0
    6    7        16   15        0.74094         61.194         60.182          -10.458          -10.707         0.14142E+00    0.15001E+00    1
    7    8        17   16        2.53436        115.942        107.788           -9.573           -9.922         0.14142E+00    0.16962E+00    1
    8    9        18   17        0.91815        116.448        114.261           -9.845           -9.998         0.14142E+00    0.14370E+00    1
    9   10        19   18        0.26078        109.909        109.338          -10.268          -10.194         0.14142E+00    0.14142E+00    0
   10   11        20   19        0.13571        105.897        105.611          -10.669          -10.437         0.14142E+00    0.14142E+00    0
   11   12        21   20        0.08148        103.500        103.666          -10.970          -10.676         0.14142E+00    0.14142E+00    0
   12   13        22   21        0.13308        102.248        102.520          -11.133          -10.857         0.14142E+00    0.14142E+00    0
   13   14        23   22        0.18362        101.512        101.885          -11.186          -10.943         0.14142E+00    0.14142E+00    0
   14   15        24   23        0.22480        101.052        101.507          -11.200          -10.924         0.14142E+00    0.14142E+00    0
