         140
   1   1   2   4   3  0.10525972E+02     -9.957573      0.9920E+02
   2   2   3   5   4  0.10890865E+02     -9.905481      0.1026E+03
   3   3   4   6   5  0.89800657E+01    -10.222420      0.8464E+02
   4   4   5   7   6  0.64997983E+01    -10.601627      0.6126E+02
   5   5   6   8   7  0.64997009E+01    -10.601517      0.6126E+02
   6   6   7   9   8  0.89792895E+01    -10.222029      0.8463E+02
   7   7   8  10   9  0.10886965E+02     -9.904559      0.1026E+03
   8   8   9  11  10  0.10509727E+02     -9.956034      0.9905E+02
   9   9  10  12  11  0.10335210E+02     -9.980874      0.9741E+02
  10  10  11  13  12  0.10278321E+02     -9.988436      0.9687E+02
  11  11  12  14  13  0.10256567E+02     -9.989955      0.9667E+02
  12  12  13  15  14  0.10247032E+02     -9.988314      0.9658E+02
  13  13  14  16  15  0.10242387E+02     -9.984640      0.9653E+02
  14  14  15  17  16  0.10239939E+02     -9.980851      0.9651E+02
  15  15  16  18  17  0.10238575E+02     -9.979688      0.9650E+02
  16  16  17  19  18  0.10237799E+02     -9.981319      0.9649E+02
  17  17  18  20  19  0.10237386E+02     -9.982972      0.9649E+02
  18  18  19  21  20  0.10237287E+02     -9.983046      0.9648E+02
  19  19  20  22  21  0.10237692E+02     -9.981560      0.9649E+02
  20  20  21  23  22  0.10239729E+02     -9.980157      0.9651E+02
  21  21  22  24  23  0.10251537E+02     -9.981684      0.9662E+02
  22   1   2   5   4  0.29136237E+01     -9.829989      0.1098E+03
  23   2   3   6   5  0.20719958E+01    -10.369715      0.7811E+02
  24   3   4   7   6  0.10688219E+01    -11.726820      0.4029E+02
  25   4   5   8   7  0.88169376E+00    -12.267301      0.3324E+02
  26   5   6   9   8  0.10686420E+01    -11.725811      0.4029E+02
  27   6   7  10   9  0.20707201E+01    -10.367671      0.7806E+02
  28   7   8  11  10  0.29060679E+01     -9.825647      0.1096E+03
  29   8   9  12  11  0.27723058E+01     -9.897828      0.1045E+03
  30   9  10  13  12  0.26819439E+01     -9.945566      0.1011E+03
  31  10  11  14  13  0.26479094E+01     -9.960696      0.9982E+02
  32  11  12  15  14  0.26336978E+01     -9.961538      0.9929E+02
  33  12  13  16  15  0.26270726E+01     -9.955836      0.9904E+02
  34  13  14  17  16  0.26236991E+01     -9.952171      0.9891E+02
  35  14  15  18  17  0.26218650E+01     -9.961873      0.9884E+02
  36  15  16  19  18  0.26208263E+01     -9.987732      0.9880E+02
  37  16  17  20  19  0.26202433E+01    -10.016078      0.9878E+02
  38  17  18  21  20  0.26199801E+01    -10.028352      0.9877E+02
  39  18  19  22  21  0.26200799E+01    -10.016656      0.9877E+02
  40  19  20  23  22  0.26210214E+01     -9.989012      0.9881E+02
  41  20  21  24  23  0.26256368E+01     -9.964196      0.9898E+02
  42   1   2   6   5  0.77924269E+00    -10.449276      0.7344E+02
  43   2   3   7   6  0.36908743E+00    -12.210593      0.3479E+02
  44   3   4   8   7  0.34922974E+00    -12.872216      0.3291E+02
  45   4   5   9   8  0.34915047E+00    -12.870605      0.3291E+02
  46   5   6  10   9  0.36878074E+00    -12.206646      0.3476E+02
  47   6   7  11  10  0.77690151E+00    -10.442741      0.7322E+02
  48   7   8  12  11  0.11999880E+01     -9.759757      0.1131E+03
  49   8   9  13  12  0.11468238E+01     -9.832791      0.1081E+03
  50   9  10  14  13  0.10962090E+01     -9.893609      0.1033E+03
  51  10  11  15  14  0.10748099E+01     -9.912553      0.1013E+03
  52  11  12  16  15  0.10651818E+01     -9.914491      0.1004E+03
  53  12  13  17  16  0.10604503E+01     -9.922000      0.9995E+02
  54  13  14  18  17  0.10579492E+01     -9.960506      0.9971E+02
  55  14  15  19  18  0.10565558E+01    -10.039600      0.9958E+02
  56  15  16  20  19  0.10557625E+01    -10.136629      0.9950E+02
  57  16  17  21  20  0.10553409E+01    -10.205966      0.9946E+02
  58  17  18  22  21  0.10552354E+01    -10.206666      0.9945E+02
  59  18  19  23  22  0.10556373E+01    -10.138804      0.9949E+02
  60  19  20  24  23  0.10576734E+01    -10.043565      0.9968E+02
  61   1   2   7   6  0.17390796E+00    -12.415128      0.3278E+02
  62   2   3   8   7  0.19289284E+00    -12.744637      0.3636E+02
  63   3   4   9   8  0.21559948E+00    -12.705906      0.4064E+02
  64   4   5  10   9  0.19270732E+00    -12.738036      0.3632E+02
  65   5   6  11  10  0.17336461E+00    -12.404205      0.3268E+02
  66   6   7  12  11  0.36981299E+00    -10.480632      0.6971E+02
  67   7   8  13  12  0.61052108E+00     -9.698217      0.1151E+03
  68   8   9  14  13  0.58823078E+00     -9.760288      0.1109E+03
  69   9  10  15  14  0.55807704E+00     -9.826051      0.1052E+03
  70  10  11  16  15  0.54403778E+00     -9.854846      0.1025E+03
  71  11  12  17  16  0.53730532E+00     -9.889101      0.1013E+03
  72  12  13  18  17  0.53384505E+00     -9.971162      0.1006E+03
  73  13  14  19  18  0.53195851E+00    -10.116983      0.1003E+03
  74  14  15  20  19  0.53088994E+00    -10.299086      0.1001E+03
  75  15  16  21  20  0.53028992E+00    -10.458144      0.9996E+02
  76  16  17  22  21  0.53001694E+00    -10.523781      0.9991E+02
  77  17  18  23  22  0.53011080E+00    -10.461018      0.9992E+02
  78  18  19  24  23  0.53104890E+00    -10.304770      0.1001E+03
  79   1   2   8   7  0.12159291E+00    -12.523318      0.4011E+02
  80   2   3   9   8  0.14203542E+00    -12.417888      0.4685E+02
  81   3   4  10   9  0.14193396E+00    -12.412313      0.4682E+02
  82   4   5  11  10  0.12125297E+00    -12.505474      0.4000E+02
  83   5   6  12  11  0.96583183E-01    -12.470604      0.3186E+02
  84   6   7  13  12  0.20313693E+00    -10.492686      0.6701E+02
  85   7   8  14  13  0.35189280E+00     -9.633269      0.1161E+03
  86   8   9  15  14  0.34266416E+00     -9.681613      0.1130E+03
  87   9  10  16  15  0.32377563E+00     -9.762404      0.1068E+03
  88  10  11  17  16  0.31422240E+00     -9.843324      0.1037E+03
  89  11  12  18  17  0.30938456E+00     -9.981028      0.1021E+03
  90  12  13  19  18  0.30680227E+00    -10.194479      0.1012E+03
  91  13  14  20  19  0.30535970E+00    -10.450098      0.1007E+03
  92  14  15  21  20  0.30453803E+00    -10.684544      0.1005E+03
  93  15  16  22  21  0.30410007E+00    -10.826923      0.1003E+03
  94  16  17  23  22  0.30398486E+00    -10.829612      0.1003E+03
  95  17  18  24  23  0.30438092E+00    -10.692210      0.1004E+03
  96   1   2   9   8  0.98821555E-01    -12.164433      0.5216E+02
  97   2   3  10   9  0.10180341E+00    -12.131571      0.5373E+02
  98   3   4  11  10  0.98591717E-01    -12.146690      0.5204E+02
  99   4   5  12  11  0.82321899E-01    -12.274264      0.4345E+02
 100   5   6  13  12  0.59843110E-01    -12.465747      0.3158E+02
 101   6   7  14  13  0.12273131E+00    -10.483098      0.6478E+02
 102   7   8  15  14  0.22047652E+00     -9.565234      0.1164E+03
 103   8   9  16  15  0.21712140E+00     -9.620599      0.1146E+03
 104   9  10  17  16  0.20478167E+00     -9.767958      0.1081E+03
 105  10  11  18  17  0.19807419E+00     -9.974488      0.1045E+03
 106  11  12  19  18  0.19451568E+00    -10.254545      0.1027E+03
 107  12  13  20  19  0.19255582E+00    -10.566196      0.1016E+03
 108  13  14  21  20  0.19144250E+00    -10.842896      0.1010E+03
 109  14  15  22  21  0.19081629E+00    -11.024777      0.1007E+03
 110  15  16  23  22  0.19052794E+00    -11.088222      0.1006E+03
 111  16  17  24  23  0.19061260E+00    -11.033897      0.1006E+03
 112   1   2  10   9  0.74816978E-01    -11.904000      0.5923E+02
 113   2   3  11  10  0.74706332E-01    -11.891611      0.5914E+02
 114   3   4  12  11  0.71325299E-01    -11.918930      0.5647E+02
 115   4   5  13  12  0.58805054E-01    -12.060907      0.4655E+02
 116   5   6  14  13  0.39871360E-01    -12.419409      0.3157E+02
 117   6   7  15  14  0.79405332E-01    -10.460491      0.6286E+02
 118   7   8  16  15  0.14677499E+00     -9.521095      0.1162E+03
 119   8   9  17  16  0.14613626E+00     -9.647214      0.1157E+03
 120   9  10  18  17  0.13778200E+00     -9.933880      0.1091E+03
 121  10  11  19  18  0.13294465E+00    -10.283634      0.1052E+03
 122  11  12  20  19  0.13027479E+00    -10.640512      0.1031E+03
 123  12  13  21  20  0.12876734E+00    -10.934758      0.1019E+03
 124  13  14  22  21  0.12790560E+00    -11.116807      0.1013E+03
 125  14  15  23  22  0.12744381E+00    -11.192913      0.1009E+03
 126  15  16  24  23  0.12731443E+00    -11.200582      0.1008E+03
 127   1   2  11  10  0.57050497E-01    -11.690845      0.6452E+02
 128   2   3  12  11  0.56184236E-01    -11.690105      0.6354E+02
 129   3   4  13  12  0.53257352E-01    -11.720613      0.6023E+02
 130   4   5  14  13  0.43607882E-01    -11.867787      0.4932E+02
 131   5   6  15  14  0.28016039E-01    -12.357920      0.3169E+02
 132   6   7  16  15  0.54134077E-01    -10.458150      0.6122E+02
 133   7   8  17  16  0.10238914E+00     -9.573384      0.1158E+03
 134   8   9  18  17  0.10299874E+00     -9.844625      0.1165E+03
 135   9  10  19  18  0.97168081E-01    -10.268233      0.1099E+03
 136  10  11  20  19  0.93598816E-01    -10.668935      0.1059E+03
 137  11  12  21  20  0.91562403E-01    -10.970495      0.1036E+03
 138  12  13  22  21  0.90392237E-01    -11.132840      0.1022E+03
 139  13  14  23  22  0.89730456E-01    -11.185505      0.1015E+03
 140  14  15  24  23  0.89420655E-01    -11.199504      0.1011E+03
