         298
   1   1   2   4   3  0.26433065E+01    -15.049545      0.9965E+02
   2   2   3   5   4  0.26113141E+01    -15.022188      0.9844E+02
   3   3   4   6   5  0.23014197E+01    -14.830879      0.8676E+02
   4   4   5   7   6  0.22168844E+01    -14.872774      0.8357E+02
   5   5   6   8   7  0.22168578E+01    -14.872763      0.8357E+02
   6   6   7   9   8  0.23012453E+01    -14.830762      0.8675E+02
   7   7   8  10   9  0.26104337E+01    -15.021744      0.9841E+02
   8   8   9  11  10  0.26391788E+01    -15.048718      0.9949E+02
   9   9  10  12  11  0.25914184E+01    -15.021486      0.9769E+02
  10  10  11  13  12  0.25713140E+01    -15.009235      0.9694E+02
  11  11  12  14  13  0.25633613E+01    -15.003923      0.9664E+02
  12  12  13  15  14  0.25598702E+01    -15.001244      0.9650E+02
  13  13  14  16  15  0.25581754E+01    -14.999736      0.9644E+02
  14  14  15  17  16  0.25572837E+01    -14.998865      0.9641E+02
  15  15  16  18  17  0.25567860E+01    -14.998373      0.9639E+02
  16  16  17  19  18  0.25564990E+01    -14.998094      0.9638E+02
  17  17  18  20  19  0.25563386E+01    -14.997923      0.9637E+02
  18  18  19  21  20  0.25562766E+01    -14.997817      0.9637E+02
  19  19  20  22  21  0.25563534E+01    -14.997771      0.9637E+02
  20  20  21  23  22  0.25568462E+01    -14.997816      0.9639E+02
  21  21  22  24  23  0.25597846E+01    -14.997993      0.9650E+02
  22   1   2   5   4  0.67346343E+00    -15.039781      0.1016E+03
  23   2   3   6   5  0.49986589E+00    -14.547121      0.7538E+02
  24   3   4   7   6  0.37658725E+00    -14.164577      0.5679E+02
  25   4   5   8   7  0.34963828E+00    -14.228683      0.5272E+02
  26   5   6   9   8  0.37653190E+00    -14.164385      0.5678E+02
  27   6   7  10   9  0.49957482E+00    -14.546434      0.7533E+02
  28   7   8  11  10  0.67174682E+00    -15.037924      0.1013E+03
  29   8   9  12  11  0.69872911E+00    -15.103427      0.1054E+03
  30   9  10  13  12  0.67585602E+00    -15.052001      0.1019E+03
  31  10  11  14  13  0.66420506E+00    -15.023818      0.1002E+03
  32  11  12  15  14  0.65910322E+00    -15.010212      0.9939E+02
  33  12  13  16  15  0.65670433E+00    -15.003217      0.9903E+02
  34  13  14  17  16  0.65548115E+00    -14.999674      0.9884E+02
  35  14  15  18  17  0.65481481E+00    -14.998125      0.9874E+02
  36  15  16  19  18  0.65443482E+00    -14.997570      0.9869E+02
  37  16  17  20  19  0.65421604E+00    -14.997244      0.9865E+02
  38  17  18  21  20  0.65410414E+00    -14.996704      0.9864E+02
  39  18  19  22  21  0.65409892E+00    -14.995855      0.9864E+02
  40  19  20  23  22  0.65431406E+00    -14.994919      0.9867E+02
  41  20  21  24  23  0.65545376E+00    -14.994305      0.9884E+02
  42   1   2   6   5  0.18075279E+00    -14.355238      0.6814E+02
  43   2   3   7   6  0.11743900E+00    -13.502665      0.4427E+02
  44   3   4   8   7  0.95831923E-01    -13.097396      0.3613E+02
  45   4   5   9   8  0.95813545E-01    -13.097009      0.3612E+02
  46   5   6  10   9  0.11734631E+00    -13.501625      0.4424E+02
  47   6   7  11  10  0.18021667E+00    -14.352811      0.6794E+02
  48   7   8  12  11  0.26993985E+00    -15.050327      0.1018E+03
  49   8   9  13  12  0.28964233E+00    -15.150763      0.1092E+03
  50   9  10  14  13  0.27780586E+00    -15.083350      0.1047E+03
  51  10  11  15  14  0.27069727E+00    -15.040684      0.1021E+03
  52  11  12  16  15  0.26729923E+00    -15.019099      0.1008E+03
  53  12  13  17  16  0.26560306E+00    -15.008932      0.1001E+03
  54  13  14  18  17  0.26470094E+00    -15.005313      0.9979E+02
  55  14  15  19  18  0.26419525E+00    -15.005113      0.9960E+02
  56  15  16  20  19  0.26390319E+00    -15.005755      0.9949E+02
  57  16  17  21  20  0.26373961E+00    -15.005319      0.9943E+02
  58  17  18  22  21  0.26367578E+00    -15.002951      0.9940E+02
  59  18  19  23  22  0.26375142E+00    -14.999006      0.9943E+02
  60  19  20  24  23  0.26424359E+00    -14.994734      0.9962E+02
  61   1   2   7   6  0.51891214E-01    -13.117901      0.3913E+02
  62   2   3   8   7  0.44044688E-01    -12.547412      0.3321E+02
  63   3   4   9   8  0.46450682E-01    -12.478690      0.3502E+02
  64   4   5  10   9  0.44004946E-01    -12.545451      0.3318E+02
  65   5   6  11  10  0.51727640E-01    -13.114295      0.3900E+02
  66   6   7  12  11  0.83764410E-01    -14.221851      0.6316E+02
  67   7   8  13  12  0.13455867E+00    -15.058625      0.1015E+03
  68   8   9  14  13  0.14856647E+00    -15.188206      0.1120E+03
  69   9  10  15  14  0.14205233E+00    -15.112918      0.1071E+03
  70  10  11  16  15  0.13751542E+00    -15.061075      0.1037E+03
  71  11  12  17  16  0.13517520E+00    -15.035835      0.1019E+03
  72  12  13  18  17  0.13394530E+00    -15.026781      0.1010E+03
  73  13  14  19  18  0.13326746E+00    -15.026732      0.1005E+03
  74  14  15  20  19  0.13287913E+00    -15.029977      0.1002E+03
  75  15  16  21  20  0.13265506E+00    -15.031742      0.1000E+03
  76  16  17  22  21  0.13253990E+00    -15.028951      0.9993E+02
  77  17  18  23  22  0.13253268E+00    -15.021104      0.9993E+02
  78  18  19  24  23  0.13274662E+00    -15.010145      0.1001E+03
  79   1   2   8   7  0.25667574E-01    -12.436699      0.3387E+02
  80   2   3   9   8  0.30141491E-01    -12.520745      0.3977E+02
  81   3   4  10   9  0.30121082E-01    -12.518895      0.3974E+02
  82   4   5  11  10  0.25595223E-01    -12.431671      0.3377E+02
  83   5   6  12  11  0.27560110E-01    -12.884502      0.3636E+02
  84   6   7  13  12  0.45323366E-01    -14.127385      0.5980E+02
  85   7   8  14  13  0.76370747E-01    -15.063460      0.1008E+03
  86   8   9  15  14  0.86456587E-01    -15.219201      0.1141E+03
  87   9  10  16  15  0.82694262E-01    -15.144842      0.1091E+03
  88  10  11  17  16  0.79683442E-01    -15.092176      0.1051E+03
  89  11  12  18  17  0.78023913E-01    -15.069933      0.1030E+03
  90  12  13  19  18  0.77112467E-01    -15.066520      0.1017E+03
  91  13  14  20  19  0.76595241E-01    -15.071907      0.1011E+03
  92  14  15  21  20  0.76295019E-01    -15.077619      0.1007E+03
  93  15  16  22  21  0.76126248E-01    -15.077162      0.1004E+03
  94  16  17  23  22  0.76059209E-01    -15.067504      0.1004E+03
  95  17  18  24  23  0.76132879E-01    -15.049805      0.1005E+03
  96   1   2   9   8  0.21153069E-01    -12.694505      0.4466E+02
  97   2   3  10   9  0.22518223E-01    -12.736087      0.4754E+02
  98   3   4  11  10  0.21106421E-01    -12.689676      0.4456E+02
  99   4   5  12  11  0.16690094E-01    -12.464244      0.3524E+02
 100   5   6  13  12  0.16506274E-01    -12.740959      0.3485E+02
 101   6   7  14  13  0.27111357E-01    -14.054945      0.5724E+02
 102   7   8  15  14  0.47280973E-01    -15.068332      0.9982E+02
 103   8   9  16  15  0.54699658E-01    -15.252117      0.1155E+03
 104   9  10  17  16  0.52441623E-01    -15.188561      0.1107E+03
 105  10  11  18  17  0.50375072E-01    -15.143487      0.1063E+03
 106  11  12  19  18  0.49168157E-01    -15.128808      0.1038E+03
 107  12  13  20  19  0.48480090E-01    -15.131569      0.1023E+03
 108  13  14  21  20  0.48080775E-01    -15.139481      0.1015E+03
 109  14  15  22  21  0.47849014E-01    -15.142615      0.1010E+03
 110  15  16  23  22  0.47728934E-01    -15.134652      0.1008E+03
 111  16  17  24  23  0.47718652E-01    -15.114072      0.1007E+03
 112   1   2  10   9  0.16978250E-01    -12.937541      0.5377E+02
 113   2   3  11  10  0.16954906E-01    -12.934514      0.5369E+02
 114   3   4  12  11  0.15422982E-01    -12.855944      0.4884E+02
 115   4   5  13  12  0.11646487E-01    -12.540919      0.3688E+02
 116   5   6  14  13  0.10702547E-01    -12.648183      0.3389E+02
 117   6   7  15  14  0.17419754E-01    -13.999499      0.5516E+02
 118   7   8  16  15  0.31176469E-01    -15.080809      0.9873E+02
 119   8   9  17  16  0.36755641E-01    -15.298054      0.1164E+03
 120   9  10  18  17  0.35358314E-01    -15.253089      0.1120E+03
 121  10  11  19  18  0.33898195E-01    -15.219245      0.1073E+03
 122  11  12  20  19  0.33001291E-01    -15.210667      0.1045E+03
 123  12  13  21  20  0.32473897E-01    -15.214266      0.1028E+03
 124  13  14  22  21  0.32163523E-01    -15.217678      0.1019E+03
 125  14  15  23  22  0.31987660E-01    -15.212147      0.1013E+03
 126  15  16  24  23  0.31916063E-01    -15.193196      0.1011E+03
 127   1   2  11  10  0.13321005E-01    -13.121176      0.6026E+02
 128   2   3  12  11  0.12963890E-01    -13.094611      0.5865E+02
 129   3   4  13  12  0.11614400E-01    -12.997823      0.5254E+02
 130   4   5  14  13  0.85104926E-02    -12.629764      0.3850E+02
 131   5   6  15  14  0.73539277E-02    -12.591783      0.3327E+02
 132   6   7  16  15  0.11817339E-01    -13.964091      0.5346E+02
 133   7   8  17  16  0.21579898E-01    -15.110874      0.9763E+02
 134   8   9  18  17  0.25863306E-01    -15.365209      0.1170E+03
 135   9  10  19  18  0.24977792E-01    -15.339670      0.1130E+03
 136  10  11  20  19  0.23920277E-01    -15.312993      0.1082E+03
 137  11  12  21  20  0.23241507E-01    -15.302783      0.1051E+03
 138  12  13  22  21  0.22832578E-01    -15.298510      0.1033E+03
 139  13  14  23  22  0.22591598E-01    -15.290822      0.1022E+03
 140  14  15  24  23  0.22465068E-01    -15.273831      0.1016E+03
 141   1   2  12  11  0.10482501E-01    -13.262474      0.6520E+02
 142   2   3  13  12  0.10078064E-01    -13.222743      0.6269E+02
 143   3   4  14  13  0.89599992E-02    -13.119879      0.5573E+02
 144   4   5  15  14  0.64354522E-02    -12.725481      0.4003E+02
 145   5   6  16  15  0.52835009E-02    -12.569823      0.3287E+02
 146   6   7  17  16  0.83689046E-02    -13.955769      0.5206E+02
 147   7   8  18  17  0.15527935E-01    -15.165077      0.9659E+02
 148   8   9  19  18  0.18878242E-01    -15.452533      0.1174E+03
 149   9  10  20  19  0.18307345E-01    -15.438511      0.1139E+03
 150  10  11  21  20  0.17525161E-01    -15.408778      0.1090E+03
 151  11  12  22  21  0.17003772E-01    -15.387064      0.1058E+03
 152  12  13  23  22  0.16684558E-01    -15.368417      0.1038E+03
 153  13  14  24  23  0.16500412E-01    -15.347829      0.1026E+03
 154   1   2  13  12  0.83286753E-02    -13.374283      0.6908E+02
 155   2   3  14  13  0.79616734E-02    -13.330965      0.6603E+02
 156   3   4  15  14  0.70538068E-02    -13.233646      0.5850E+02
 157   4   5  16  15  0.49983739E-02    -12.833308      0.4146E+02
 158   5   6  17  16  0.39325953E-02    -12.584674      0.3262E+02
 159   6   7  18  17  0.61370254E-02    -13.978254      0.5090E+02
 160   7   8  19  18  0.11532524E-01    -15.240455      0.9565E+02
 161   8   9  20  19  0.14196716E-01    -15.548196      0.1177E+03
 162   9  10  21  20  0.13824899E-01    -15.532171      0.1147E+03
 163  10  11  22  21  0.13236129E-01    -15.488473      0.1098E+03
 164  11  12  23  22  0.12831114E-01    -15.449371      0.1064E+03
 165  12  13  24  23  0.12582139E-01    -15.415946      0.1044E+03
 166   1   3   7   5  0.84994881E+00    -14.274744      0.6408E+02
 167   2   4   8   6  0.63390278E+00    -13.768251      0.4780E+02
 168   3   5   9   7  0.58773431E+00    -13.721428      0.4431E+02
 169   4   6  10   8  0.63369661E+00    -13.767851      0.4778E+02
 170   5   7  11   9  0.84886536E+00    -14.273623      0.6400E+02
 171   6   8  12  10  0.12056677E+01    -14.881597      0.9091E+02
 172   7   9  13  11  0.13928700E+01    -15.098652      0.1050E+03
 173   8  10  14  12  0.13918707E+01    -15.093348      0.1049E+03
 174   9  11  15  13  0.13547605E+01    -15.048738      0.1021E+03
 175  10  12  16  14  0.13346151E+01    -15.023414      0.1006E+03
 176  11  13  17  15  0.13247818E+01    -15.010896      0.9989E+02
 177  12  14  18  16  0.13197305E+01    -15.005420      0.9951E+02
 178  13  15  19  17  0.13169785E+01    -15.003866      0.9930E+02
 179  14  16  20  18  0.13154124E+01    -15.004001      0.9918E+02
 180  15  17  21  19  0.13145139E+01    -15.004055      0.9911E+02
 181  16  18  22  20  0.13140594E+01    -15.002939      0.9908E+02
 182  17  19  23  21  0.13140588E+01    -15.000458      0.9908E+02
 183  18  20  24  22  0.13150557E+01    -14.997238      0.9915E+02
 184   1   3   9   7  0.12100682E+00    -12.542999      0.3649E+02
 185   2   4  10   8  0.12923148E+00    -12.542720      0.3898E+02
 186   3   5  11   9  0.12082767E+00    -12.539922      0.3644E+02
 187   4   6  12  10  0.12157306E+00    -12.829245      0.3667E+02
 188   5   7  13  11  0.17315413E+00    -13.843096      0.5222E+02
 189   6   8  14  12  0.28336412E+00    -14.814950      0.8546E+02
 190   7   9  15  13  0.35867478E+00    -15.153314      0.1082E+03
 191   8  10  16  14  0.36590283E+00    -15.166055      0.1104E+03
 192   9  11  17  15  0.35233475E+00    -15.106744      0.1063E+03
 193  10  12  18  16  0.34325762E+00    -15.072463      0.1035E+03
 194  11  13  19  17  0.33824984E+00    -15.060625      0.1020E+03
 195  12  14  20  18  0.33545526E+00    -15.061345      0.1012E+03
 196  13  15  21  19  0.33385017E+00    -15.066255      0.1007E+03
 197  14  16  22  20  0.33292534E+00    -15.068576      0.1004E+03
 198  15  17  23  21  0.33245429E+00    -15.063986      0.1003E+03
 199  16  18  24  22  0.33244342E+00    -15.051637      0.1003E+03
 200   1   3  11   9  0.69772383E-01    -12.906848      0.5261E+02
 201   2   4  12  10  0.66448198E-01    -12.869743      0.5010E+02
 202   3   5  13  11  0.55373962E-01    -12.701384      0.4175E+02
 203   4   6  14  12  0.47365801E-01    -12.650830      0.3571E+02
 204   5   7  15  13  0.62587573E-01    -13.627036      0.4719E+02
 205   6   8  16  14  0.10769452E+00    -14.777890      0.8120E+02
 206   7   9  17  15  0.14421167E+00    -15.205655      0.1087E+03
 207   8  10  18  16  0.15041888E+00    -15.260858      0.1134E+03
 208   9  11  19  17  0.14460937E+00    -15.221930      0.1090E+03
 209  10  12  20  18  0.13998792E+00    -15.201477      0.1055E+03
 210  11  13  21  19  0.13719679E+00    -15.199173      0.1034E+03
 211  12  14  22  20  0.13555077E+00    -15.202739      0.1022E+03
 212  13  15  23  21  0.13459179E+00    -15.201955      0.1015E+03
 213  14  16  24  22  0.13409772E+00    -15.190388      0.1011E+03
 214   1   3  13  11  0.41853130E-01    -13.223162      0.6311E+02
 215   2   4  14  12  0.38614137E-01    -13.153537      0.5823E+02
 216   3   5  15  13  0.30959750E-01    -12.929091      0.4669E+02
 217   4   6  16  14  0.24071255E-01    -12.672859      0.3630E+02
 218   5   7  17  15  0.29402333E-01    -13.526679      0.4434E+02
 219   6   8  18  16  0.51613756E-01    -14.805215      0.7783E+02
 220   7   9  19  17  0.71802007E-01    -15.324850      0.1083E+03
 221   8  10  20  18  0.76360095E-01    -15.430039      0.1151E+03
 222   9  11  21  19  0.73577682E-01    -15.408221      0.1110E+03
 223  10  12  22  20  0.71006569E-01    -15.383740      0.1071E+03
 224  11  13  23  21  0.69352022E-01    -15.364951      0.1046E+03
 225  12  14  24  22  0.68358707E-01    -15.346551      0.1031E+03
 226   1   3  15  13  0.26486694E-01    -13.438237      0.6990E+02
 227   2   4  16  14  0.24279990E-01    -13.379611      0.6407E+02
 228   3   5  17  15  0.19210757E-01    -13.167448      0.5070E+02
 229   4   6  18  16  0.14117040E-01    -12.817486      0.3725E+02
 230   5   7  19  17  0.16141988E-01    -13.555111      0.4260E+02
 231   6   8  20  18  0.28536236E-01    -14.923759      0.7531E+02
 232   7   9  21  19  0.40784660E-01    -15.497402      0.1076E+03
 233   8  10  22  20  0.44078454E-01    -15.606626      0.1163E+03
 234   9  11  23  21  0.42641020E-01    -15.560811      0.1125E+03
 235  10  12  24  22  0.41123332E-01    -15.503568      0.1085E+03
 236   1   3  17  15  0.17670107E-01    -13.654182      0.7461E+02
 237   2   4  18  16  0.16210660E-01    -13.635525      0.6845E+02
 238   3   5  19  17  0.12776376E-01    -13.452028      0.5395E+02
 239   4   6  20  18  0.90639675E-02    -13.040223      0.3827E+02
 240   5   7  21  19  0.98260975E-02    -13.653302      0.4149E+02
 241   6   8  22  20  0.17382655E-01    -15.043354      0.7339E+02
 242   7   9  23  21  0.25339771E-01    -15.607625      0.1070E+03
 243   8  10  24  22  0.27757624E-01    -15.683000      0.1172E+03
 244   1   3  19  17  0.12327885E-01    -13.916450      0.7808E+02
 245   2   4  20  18  0.11341963E-01    -13.908521      0.7183E+02
 246   3   5  21  19  0.89371927E-02    -13.705954      0.5660E+02
 247   4   6  22  20  0.61944244E-02    -13.211416      0.3923E+02
 248   5   7  23  21  0.64320800E-02    -13.689565      0.4074E+02
 249   6   8  24  22  0.11352150E-01    -15.061114      0.7190E+02
 250   1   3  21  19  0.89241997E-02    -14.140676      0.8074E+02
 251   2   4  22  20  0.82376845E-02    -14.085546      0.7453E+02
 252   3   5  23  21  0.64995672E-02    -13.825898      0.5881E+02
 253   4   6  24  22  0.44328551E-02    -13.255951      0.4011E+02
 254   1   4  10   7  0.33290697E+00    -12.724618      0.3765E+02
 255   2   5  11   8  0.33270651E+00    -12.723452      0.3763E+02
 256   3   6  12   9  0.34957478E+00    -12.985237      0.3954E+02
 257   4   7  13  10  0.45903016E+00    -13.799211      0.5192E+02
 258   5   8  14  11  0.69183719E+00    -14.675076      0.7824E+02
 259   6   9  15  12  0.87273022E+00    -15.027438      0.9870E+02
 260   7  10  16  13  0.94710335E+00    -15.129313      0.1071E+03
 261   8  11  17  14  0.94299623E+00    -15.114911      0.1067E+03
 262   9  12  18  15  0.91856647E+00    -15.075327      0.1039E+03
 263  10  13  19  16  0.90298481E+00    -15.055071      0.1021E+03
 264  11  14  20  17  0.89429487E+00    -15.049552      0.1011E+03
 265  12  15  21  18  0.88937933E+00    -15.051158      0.1006E+03
 266  13  16  22  19  0.88654720E+00    -15.053633      0.1003E+03
 267  14  17  23  20  0.88498065E+00    -15.052451      0.1001E+03
 268  15  18  24  21  0.88443034E+00    -15.045508      0.1000E+03
 269   1   4  13  10  0.12027284E+00    -13.008705      0.5441E+02
 270   2   5  14  11  0.10384808E+00    -12.879575      0.4698E+02
 271   3   6  15  12  0.88783385E-01    -12.790384      0.4016E+02
 272   4   7  16  13  0.99632721E-01    -13.427712      0.4507E+02
 273   5   8  17  14  0.15421331E+00    -14.544044      0.6976E+02
 274   6   9  18  15  0.21192616E+00    -15.068021      0.9587E+02
 275   7  10  19  16  0.24291527E+00    -15.263442      0.1099E+03
 276   8  11  20  17  0.24577526E+00    -15.298562      0.1112E+03
 277   9  12  21  18  0.23786462E+00    -15.278624      0.1076E+03
 278  10  13  22  19  0.23171470E+00    -15.266878      0.1048E+03
 279  11  14  23  20  0.22790332E+00    -15.261440      0.1031E+03
 280  12  15  24  21  0.22565655E+00    -15.253786      0.1021E+03
 281   1   4  16  13  0.57822259E-01    -13.382416      0.6540E+02
 282   2   5  17  14  0.48548742E-01    -13.237383      0.5491E+02
 283   3   6  18  15  0.38430144E-01    -13.023588      0.4346E+02
 284   4   7  19  16  0.38245271E-01    -13.421726      0.4325E+02
 285   5   8  20  17  0.57463014E-01    -14.606552      0.6499E+02
 286   6   9  21  18  0.82229734E-01    -15.259658      0.9300E+02
 287   7  10  22  19  0.97669264E-01    -15.517310      0.1105E+03
 288   8  11  23  20  0.10044104E+00    -15.560989      0.1136E+03
 289   9  12  24  21  0.97315866E-01    -15.515059      0.1101E+03
 290   1   4  19  16  0.31863204E-01    -13.756269      0.7207E+02
 291   2   5  20  17  0.26704272E-01    -13.648687      0.6040E+02
 292   3   6  21  18  0.20507022E-01    -13.392419      0.4639E+02
 293   4   7  22  19  0.18935707E-01    -13.602008      0.4283E+02
 294   5   8  23  20  0.27475332E-01    -14.743377      0.6215E+02
 295   6   9  24  21  0.40174806E-01    -15.403689      0.9087E+02
 296   1   4  22  19  0.19338393E-01    -14.095070      0.7655E+02
 297   2   5  23  20  0.16261928E-01    -13.929025      0.6437E+02
 298   3   6  24  21  0.12317276E-01    -13.578882      0.4876E+02
