Fine Mesh 63 electrode barrier header: bh4-bh1-bh5

1  4   3.0 << job type, mesh_type, flux type

53  117 << numnp_x, numnp_z

-98.02	-68.83	-48.16	-33.53	-23.16	-15.82	-10.63	-6.95	-4.34	-2.50	-1.19	-0.99	-0.79	-0.60	-0.40	-0.20	0.00	0.20	
0.40	0.59	0.79	0.99	1.19	1.39	1.58	1.78	1.98	2.18	2.38	2.57	2.77	2.97	3.17	3.37	3.56	3.76	
3.96	4.16	4.36	4.56	4.75	4.95	5.15	5.86	7.54	9.96	13.43	18.42	25.57	35.82	50.55	71.67	101.98	<<x																																																															

0.00	0.00	0.00	0.00	0.00	0.00	0.00	0.00	0.00	0.00	0.00	0.00	0.00	0.00	0.00	0.00	0.00	0.00	
0.00	0.00	0.00	0.00	0.00	0.00	0.00	0.00	0.00	0.00	0.00	0.00	0.00	0.00	0.00	0.00	0.00	0.00	
0.00	0.00	0.00	0.00	0.00	0.00	0.00	0.00	0.00	0.00	0.00	0.00	0.00	0.00	0.00	0.00	0.00	<<topog																																																															


0.00	0.14	0.28	0.41	0.55	0.69	0.83	0.96	1.10	1.24	1.38	1.51	1.65	1.73	1.80	1.88	1.95	2.03	
2.11	2.18	2.26	2.34	2.41	2.49	2.56	2.64	2.72	2.79	2.87	2.95	3.02	3.10	3.17	3.25	3.33	3.40	
3.48	3.55	3.63	3.71	3.78	3.86	3.94	4.01	4.09	4.16	4.24	4.32	4.39	4.47	4.55	4.62	4.70	4.77	
4.85	4.93	5.00	5.08	5.16	5.23	5.31	5.38	5.46	5.54	5.61	5.69	5.76	5.84	5.92	5.99	6.07	6.15	
6.22	6.30	6.37	6.45	6.53	6.60	6.68	6.76	6.83	6.91	6.98	7.06	7.14	7.21	7.29	7.36	7.44	7.52	
7.59	7.67	7.75	7.82	7.90	7.97	8.05	8.13	8.20	8.28	8.36	8.43	8.51	8.58	8.66	10.62	13.02	15.96	
19.57	24.00	29.43	36.08	44.24	54.25	66.52	81.56	100.00  <<z



1 << num_regions
1 6032   20.0  -10.0 << elem1, elem2, resis, phase


0,0 << number of patches in x, number of patches in z
28  18  <<num_param_x, num_param_z
1            4 4 4 4     1 1 1 1 1 1 1 1 1 1 1 1 1 1 1 1 1 1 1 1   4 4 4 4 <<npxstart, npx(i), i=1,num_param_x
1            8 8 6 6 6 6 6 6 6 6 6 7 7 7 7 6 6 6  <<<<npzstart, npz(i), i=1,num_param_z
 

1   0.0  << inverse type, target_decrease

 1.0,  10, 2, 1.0  << tolerance, max_iterations, error_mod, alpha_aniso

0.001  0.05   1.0   -10e5  10e5 <<min_error, a_wgt, b_wgt, rho_min, rho_max



5  <<num_xz_poly

 0.0   0.0  <<x_poly, z_poly
 4.0   0.0
 4.0  -9.0
 0.0  -9.0
 0.0   0.0


63    << num_electrodes
    1               17      99   << elec_no, nx,nz
    2               17      95
    3               17      91
    4               17      87
    5               17      83
    6               17      79
    7               17      75
    8               17      71
    9               17      67
    10              17      63
    11              17      59
    12              17      55
    13              17      51
    14              17      47
    15              17      43
    16              17      39
    17              17      35
    18              17      31
    19              17      27
    20              17      23
    21              17      1
    22              37      99
    23              37      95
    24              37      91
    25              37      87
    26              37      83
    27              37      79
    28              37      75
    29              37      71
    30              37      67
    31              37      63
    32              37      59
    33              37      55
    34              37      51
    35              37      47
    36              37      43
    37              37      39
    38              37      35
    39              37      31
    40              37      27
    41              37      23
    42              37      1
    43              27      95
    44              27      91
    45              27      87
    46              27      83
    47              27      79
    48              27      75
    49              27      71
    50              27      67
    51              27      63
    52              27      59
    53              27      55
    54              27      51
    55              27      47
    56              27      43
    57              27      39
    58              27      35
    59              27      31
    60              27      27
    61              27      23
    62              27      19
    63              27      1




1 1 1 1    1 1 1 1 1 1 1 1 1 1 1 1 1 1 1 1 1 1 1 1   1 1 1 1
1 1 1 1    1 1 1 1 1 1 1 1 1 1 1 1 1 1 1 1 1 1 1 1   1 1 1 1
1 1 1 1    1 1 1 1 2 2 2 2 1 1 1 1 1 1 1 1 1 1 1 1   1 1 1 1
1 1 1 1    1 1 1 1 2 2 2 2 1 1 1 1 1 1 1 1 1 1 1 1   1 1 1 1
1 1 1 1    1 1 1 1 2 2 2 2 1 1 1 1 1 1 1 1 1 1 1 1   1 1 1 1
1 1 1 1    1 1 1 1 2 2 2 2 1 1 1 1 1 1 1 1 1 1 1 1   1 1 1 1
1 1 1 1    1 1 1 1 2 2 2 2 1 1 1 1 1 1 1 1 1 1 1 1   1 1 1 1
1 1 1 1    1 1 1 1 2 2 2 2 1 1 1 1 1 1 1 1 1 1 1 1   1 1 1 1
1 1 1 1    1 1 1 1 2 2 2 2 1 1 1 1 1 1 1 1 1 1 1 1   1 1 1 1
1 1 1 1    1 1 1 1 2 2 2 2 1 1 1 1 1 1 1 1 1 1 1 1   1 1 1 1
1 1 1 1    1 1 1 1 2 2 2 2 1 1 1 1 1 1 1 1 1 1 1 1   1 1 1 1
1 1 1 1    1 1 1 1 2 2 2 2 2 2 2 2 2 2 2 2 1 1 1 1   1 1 1 1
1 1 1 1    1 1 1 1 2 2 2 2 2 2 2 2 2 2 2 2 1 1 1 1   1 1 1 1
1 1 1 1    1 1 1 1 2 2 2 2 2 2 2 2 2 2 2 2 1 1 1 1   1 1 1 1
1 1 1 1    1 1 1 1 2 2 2 2 2 2 2 2 2 2 2 2 1 1 1 1   1 1 1 1
1 1 1 1    1 1 1 1 1 1 1 1 1 1 1 1 1 1 1 1 1 1 1 1   1 1 1 1
1 1 1 1    1 1 1 1 1 1 1 1 1 1 1 1 1 1 1 1 1 1 1 1   1 1 1 1
1 1 1 1    1 1 1 1 1 1 1 1 1 1 1 1 1 1 1 1 1 1 1 1   1 1 1 1
