Forward model IP-ERT09

    0    4  3.0    

       221  57  << numnp_x, numnp_y

-259    -131    -67     -35     -19     -11     -7      -5      -4      -3.5    -3      -2.5    -2      -1.5    -1      -0.5    0       0.5     1       
1.5     2       2.5     3       3.5     4       4.5     5       5.5     6       6.5     7       7.5     8       8.5     9       9.5     10      10.5    
11      11.5    12      12.5    13      13.5    14      14.5    15      15.5    16      16.5    17      17.5    18      18.5    19      19.5    20      
20.5    21      21.5    22      22.5    23      23.5    24      24.5    25      25.5    26      26.5    27      27.5    28      28.5    29      29.5    
30      30.5    31      31.5    32      32.5    33      33.5    34      34.5    35      35.5    36      36.5    37      37.5    38      38.5    39      
39.5    40      40.5    41      41.5    42      42.5    43      43.5    44      44.5    45      45.5    46      46.5    47      47.5    48      48.5    
49      49.5    50      50.5    51      51.5    52      52.5    53      53.5    54      54.5    55      55.5    56      56.5    57      57.5    58      
58.5    59      59.5    60      60.5    61      61.5    62      62.5    63      63.5    64      64.5    65      65.5    66      66.5    67      67.5    
68      68.5    69      69.5    70      70.5    71      71.5    72      72.5    73      73.5    74      74.5    75      75.5    76      76.5    77      
77.5    78      78.5    79      79.5    80      80.5    81      81.5    82      82.5    83      83.5    84      84.5    85      85.5    86      86.5    
87      87.5    88      88.5    89      89.5    90      90.5    91      91.5    92      92.5    93      93.5    94      94.5    95      95.5    96      
96.5    97      97.5    98      99      101     105     113     129     161     225     353  <<xx
                
0       0       0       0       0       0       0       0       0       0       0       0       0       0       0       0       0       0       0       
0       0       0       0       0       0       0       0       0       0       0       0       0       0       0       0       0       0       0       
0       0       0       0       0       0       0       0       0       0       0       0       0       0       0       0       0       0       0       
0       0       0       0       0       0       0       0       0       0       0       0       0       0       0       0       0       0       0       
0       0       0       0       0       0       0       0       0       0       0       0       0       0       0       0       0       0       0       
0       0       0       0       0       0       0       0       0       0       0       0       0       0       0       0       0       0       0       
0       0       0       0       0       0       0       0       0       0       0       0       0       0       0       0       0       0       0       
0       0       0       0       0       0       0       0       0       0       0       0       0       0       0       0       0       0       0       
0       0       0       0       0       0       0       0       0       0       0       0       0       0       0       0       0       0       0       
0       0       0       0       0       0       0       0       0       0       0       0       0       0       0       0       0       0       0       
0       0       0       0       0       0       0       0       0       0       0       0       0       0       0       0       0       0       0       
0       0       0       0       0       0       0       0       0       0       0       0   << topo

0       0.5     1       1.5     2       2.5     3       3.5     4       4.5     5       5.5     6       6.5     7       7.5     8       8.5     9       
9.5     10      10.5    11      11.5    12      12.5    13      13.5    14      14.5    15      15.5    16      16.5    17      17.5    18      18.5    
19      19.5    20      20.5    21      21.5    22      22.5    23      23.5    24      25      27      31      39      55      87      151     279 <<zz
 
0 << num_regions
resistivity.dat
    
0  << num_poly 
  
48  << num_electrodes
1       17      1
2       21      1
3       25      1
4       29      1
5       33      1
6       37      1
7       41      1
8       45      1
9       49      1
10      53      1
11      57      1
12      61      1
13      65      1
14      69      1
15      73      1
16      77      1
17      81      1
18      85      1
19      89      1
20      93      1
21      97      1
22      101     1
23      105     1
24      109     1
25      113     1
26      117     1
27      121     1
28      125     1
29      129     1
30      133     1
31      137     1
32      141     1
33      145     1
34      149     1
35      153     1
36      157     1
37      161     1
38      165     1
39      169     1
40      173     1
41      177     1
42      181     1
43      185     1
44      189     1
45      193     1
46      197     1
47      201     1
48      205     1
