      123.86803      -18.97997       -3.12801
       57.68342       -5.56164       -2.10876
       48.39367      -20.32842       -2.03133
       32.47161      -93.31706       -2.70723
      -21.59611      -13.47626       -1.62131
      -16.45049       -8.25225       -1.78012
      -10.59757       -9.38331       -2.29370
       10.21134      -24.85808       -1.28449
      -17.93439      -24.03677       -1.83458
       28.26933      -33.73299       -1.60486
       -1.68806      -17.58755       -2.95812
       54.72471      -74.60158       -3.25800
      -17.89709       -9.74200       -1.83160
      -76.93886      -62.52678       -3.15659
       66.72502      -14.10133       -1.73430
       86.09711      -12.08751       -1.98726
       16.00827      -17.93302       -1.26491
      -14.46891      -24.02942       -2.10454
        9.80318      -31.85468       -1.68450
       65.16178      -15.95479       -2.00738
      -20.05479       -9.17128       -1.86117
      -18.81356      -13.85125       -1.86035
       94.70125     -105.37690       -3.14177
      -48.44803     -102.11649       -3.38860
      121.05193      -90.72773       -3.55985
      -11.00483       -8.62415       -2.30312
       18.56988      -37.78804       -2.12755
        7.88687      -24.25379       -1.29287
       67.82659       -7.56493       -1.77430
       59.08998       -2.27796       -2.00801
       58.13532      -64.83408       -2.43246
      -28.84125     -127.65338       -2.95495
       58.11170       -6.21807       -2.19323
     -195.70202     -111.06441       -5.05843
      106.42534      -91.33702       -3.54555
       62.32840       -5.69650       -1.77452
       79.09358      -21.98859       -1.58800
       25.14547      -34.96328       -1.27860
      -40.01307      -48.73092       -2.45546
      -14.79075       -8.41333       -1.82554
      -12.32319       -5.19072       -2.08953
       55.35636      -21.79456       -2.02909
      -12.80403       -3.47649       -2.28389
      -15.66637       -5.48177       -1.96530
       53.62531      -20.11317       -2.13120
      -14.29296       -5.87721       -1.93267
       85.90118       -7.52383       -2.58287
      -11.83061       -5.88987       -2.28182
     -109.00929      -86.09563       -4.27247
       60.00550       -2.02410       -1.92534
      -13.54503      -21.39908       -2.23345
      -22.32468       -4.38289       -2.07398
        6.08295      -42.84591       -2.47623
        2.98301      -18.47525       -1.80159
      -10.73722      -14.58228       -2.55387
       14.56469      -38.60049       -1.56562
       79.33674      -97.91493       -3.46421
      -11.42606      -13.70783       -2.44331
        1.36611      -18.90545       -2.07326
       38.12474      -23.90504       -0.81483
      -37.92947      -89.65727       -3.30951
      -64.32437      -65.52861       -3.15773
        6.39773      -32.49697       -1.66076
     -190.91618     -131.08234       -5.04161
       64.31965       -3.00485       -1.87665
       16.58331      -25.45735       -0.63309
      -25.12713      -86.38997       -3.10781
       13.49192      -18.55142       -0.89578
       73.41034       -1.50617       -1.94861
       62.87490       -3.28397       -1.91147
      -22.25595      -10.72137       -2.00593
      -25.22224      -50.14240       -2.35133
     -132.83730      -14.73619       -4.47307
      179.01962      -14.96942       -4.43210
      191.92127     -102.70669       -4.53821
       39.09509      -19.99170       -1.05323
      -87.10457      -19.92021       -3.49212
     -146.53276       -8.07694       -4.60228
      192.55881       -8.11026       -4.56229
       61.03848       -6.38447       -2.06974
       22.11076      -19.73489       -0.89949
      -26.62294       -9.78286       -2.42587
      123.01291      -27.56395       -2.92113
       14.77194      -17.86800       -1.23491
      -47.71928     -123.88689       -3.76589
       95.53162     -128.23359       -3.86371
     -169.07695     -140.25619       -4.69725
       36.60940      -30.20794       -1.29195
      -17.79926       -1.57487       -2.15274
       58.76183     -126.40060       -3.31722
      -13.64543       -3.95353       -2.13556
       71.27504       -2.51443       -1.99723
       34.02571      -20.16203       -0.80525
       35.75860      -69.19275       -3.75287
       57.38808       -2.18961       -2.38794
       44.85453      -34.10708       -2.51809
       70.49267      -29.68061       -1.63562
       37.64121      -21.10193       -0.82859
     -126.08118      -85.42012       -4.26559
      -44.99570      -56.23751       -2.76412
       57.65886       -1.64052       -2.27188
       59.90042       -5.74375       -1.96297
       73.34594     -141.04250       -3.07536
      -12.73615      -31.06313       -2.04633
       91.76806       -2.84382       -2.34778
      -16.89217       -6.52387       -1.95409
      -11.68091       -4.42363       -2.16394
       40.90800     -103.29468       -3.33519
       57.40938       -4.16101       -2.34914
       13.41322      -20.94466       -0.55765
       61.37346       -9.70263       -2.33559
       34.02440      -31.59928       -1.31940
       61.53803      -82.58620       -2.73089
       17.03794      -18.84216       -0.89811
      -12.10724       -8.54096       -2.09566
      -13.46604      -13.01385       -2.58270
      -17.28600      -15.61794       -2.01614
       83.76496      -25.71879       -1.94569
      -12.90186      -12.06318       -2.95803
       69.52193      -14.00996       -1.50764
      -13.98384       -0.83848       -2.24632
       49.88600      -21.51019       -2.18487
      -13.42062       -5.02851       -2.08529
     -184.61532      -96.15937       -5.09153
      133.96926      -43.88454       -3.25057
       -0.97833      -82.24627       -3.23961
       62.12888       -4.34450       -2.04631
       27.01810      -66.38974       -2.56558
        5.07795     -130.93705       -3.13472
      -11.33346       -2.06289       -2.45406
      -25.10945       -2.08912       -2.14814
       -8.90590      -33.49154       -1.92887
       46.66717      -20.52160       -1.90966
        6.57735      -17.71899       -1.96875
      -11.57086       -1.49980       -2.52368
      134.72924      -33.18909       -3.78965
      -22.10952       -6.32647       -2.00079
     -215.72808       -9.80204       -4.94017
      261.73063       -9.79359       -4.95242
      -12.59087       -2.69310       -2.35882
      -12.97956      -16.28448       -2.37311
      208.36650      -91.08806       -4.84274
      -20.16499       -7.06549       -1.99133
       11.74577      -82.66446       -2.46320
      -20.02543      -27.51771       -2.16259
      130.58173     -102.21477       -4.18291
      -12.85100      -13.96370       -2.51037
       96.58955      -28.04174       -2.45465
       57.35802       -3.37143       -2.40949
       19.66392      -25.87571       -0.90830
        1.26644      -45.27283       -2.75009
      -21.00318       -3.25260       -2.28188
       67.82677       -9.43575       -1.84413
     -102.78108      -52.75415       -3.86352
       40.64886     -125.71244       -2.77227
      192.01985      -40.23892       -4.74589
       17.68397      -97.16701       -2.98879
      117.18922      -13.36552       -3.23705
     -145.09165      -40.08233       -4.66241
     -178.60968       -9.15065       -4.87242
      224.60968       -9.15065       -4.86707
       33.60836      -24.36669       -0.88920
       23.35418     -140.35433       -2.72311
       11.76415      -44.16564       -2.40764
       62.04243       -8.69603       -2.16675
      -23.85730      -15.91176       -1.84583
      -12.24100       -7.69853       -2.64519
       73.70992      -34.50588       -1.96414
        5.38552      -17.77203       -1.98466
       63.74611       -6.69358       -1.82944
       65.74490      -29.19842       -2.02838
       32.40549      -35.32106       -1.19734
       87.73205       -4.33130       -2.44222
       23.05322      -39.38658       -1.76509
       12.42756      -33.89270       -2.22373
      193.12796     -127.46123       -4.68313
      -95.01837      -27.19223       -3.75644
      -39.20485      -66.71897       -2.76416
     -162.15570      -17.22759       -4.84707
      208.18175      -17.26091       -4.83583
      168.25921     -140.40042       -4.52368
     -120.45455     -139.52608       -4.46186
       57.78670       -2.88296       -2.11896
      -17.31570      -11.66707       -1.80690
       -3.87567      -69.02488       -2.35610
      189.91976      -58.48412       -4.46197
      113.12692      -30.37897       -2.85377
        4.34848      -19.00096       -1.90488
     -143.85873      -57.83753       -4.46384
        1.41788      -22.85124       -1.93235
       41.76896      -35.35625       -2.42177
       64.80425      -18.60331       -1.58714
      -13.85901       -7.08038       -1.94070
       11.08495      -27.36751       -1.07595
      -11.93694       -3.78438       -2.37830
      -19.18531     -143.91272       -3.46197
     -145.16786     -126.45227       -4.54493
       58.01783       -4.67460       -2.02751
      103.77311      -16.54585       -2.57285
      -84.15904      -72.71046       -4.12869
       23.44120      -20.94446       -0.72717
      -69.94213     -140.14623       -3.79456
      116.91295     -140.52109       -3.87503
      132.72490     -125.68076       -4.41337
      -84.49644     -124.74637       -4.34504
     -101.63202      -99.52387       -4.41803
       75.96145       -2.98997       -2.09261
      -31.72850      -47.88116       -2.63756
      -14.18064       -9.55203       -2.26282
      -18.93192       -1.76663       -2.28327
       65.74305       -4.21913       -1.77776
       -7.64353      -38.91083       -2.24184
     -115.62336      -48.58150       -4.06710
       -2.57416      -18.54774       -2.65424
       70.37540      -11.20883       -2.02649
      178.51532      -29.94018       -4.37931
      -28.32694      -11.80566       -2.10603
      -20.01808       -0.71943       -2.23591
       65.94933       -0.78659       -2.07284
     -131.43460      -29.61315       -4.38947
       61.00669       -0.52109       -2.12814
      -14.98090       -0.46458       -2.28228
      -14.69647       -3.55777       -2.05963
       35.95809      -25.71771       -0.81872
       57.74223       -0.32575       -2.36277
      -11.73136       -0.31508       -2.42974
       64.54032       -1.41216       -2.10082
       62.23581      -30.43929       -2.46906
       90.33497      -22.92032       -1.88002
      -27.38477       -1.23929       -2.22648
       22.02026      -28.37392       -0.78079
       14.71028      -27.67106       -1.12126
       60.07328       -0.93550       -2.17577
       59.03443       -6.37850       -2.37563
      215.23238     -140.39082       -4.71903
       63.22449       -0.62556       -2.10865
      -13.85086       -1.79468       -2.02623
      -32.43779       -1.45048       -2.37946
       78.57465       -1.48380       -2.23023
     -108.53068      -12.08812       -4.02641
      104.26140      -24.62534       -2.32036
      -13.01994      -93.46514       -2.69514
      -78.00563      -21.50700       -3.33620
      242.04812     -110.48287       -5.03583
      252.54985      -68.51414       -5.21111
     -206.38732      -69.24072       -5.15573
       59.20159       -0.41441       -2.22153
       32.99958      -21.76545       -0.70173
       62.07767       -1.14665       -2.13293
       90.84472      -15.55907       -2.05885
       69.54431       -6.81305       -2.25340
        5.06377      -20.69615       -1.58022
     -144.80230     -101.17441       -4.44163
       71.51620       -6.47938       -2.35236
      -17.30420      -32.00888       -1.72646
       58.45171       -0.74016       -2.31209
       52.78045      -29.70611       -2.79467
      152.19237     -125.56008       -4.67930
     -103.13007     -124.12622       -4.65993
      -15.44417      -11.91451       -2.20598
       69.28877       -1.00826       -2.05798
       11.57767      -21.89178       -0.92899
       46.94796      -25.65924       -2.34452
      -62.25910      -94.41904       -4.04973
       49.10187      -35.05582       -2.46527
       67.55762       -1.79485       -2.07031
      -29.79903       -2.68976       -2.33131
       25.26323      -20.13750       -0.83587
      -25.72684       -5.80618       -2.42145
       50.28902      -31.17518       -2.23314
       58.40788       -1.51510       -2.22368
     -119.94971       -6.65925       -4.22206
      166.10599       -6.85916       -4.13777
       -3.46404      -24.16258       -2.24909
     -230.28554      -22.57954       -5.10537
      276.28808      -22.57109       -5.11926
      172.59538      -93.82510       -4.80885
        7.44345      -18.62059       -1.63111
      204.87526      -70.07515       -4.94203
      -13.13794       -0.37389       -2.37095
      -10.33904       -2.62784       -2.34738
       39.29279      -31.51872       -1.64106
       84.94204      -72.39656       -2.97180
      -24.76855       -3.93885       -2.33065
      -23.14875       -0.84984       -2.32168
      -17.06886       -0.52767       -2.33319
       40.09498      -78.03724       -2.72290
      -73.67478       -7.53548       -3.32243
       61.44546      -11.16919       -1.82686
      -10.41227       -6.39027       -2.35205
      -14.80322       -2.47570       -2.04965
      -81.21293       -4.15063       -3.48276
      126.89422       -3.83375       -3.45689
      144.72002       -4.90305       -3.79830
      -12.81313       -7.13923       -2.57858
      119.63919       -6.57685       -3.42968
       81.64818      -33.11555       -1.78875
     -107.33153      -23.51076       -4.07008
     -160.18495      -69.99169       -4.97687
      -12.64970      -66.68067       -3.12074
        0.31641      -20.61382       -2.07954
      237.50404      -75.82839       -5.20386
      -15.84508       -4.23731       -2.24002
       58.73958       -3.09673       -2.20866
       54.80633      -24.43350       -2.07339
      -55.67393       -2.70562       -2.90946
      101.87781       -3.09308       -2.65985
       59.86470       -4.55169       -1.88657
      237.12929     -131.12005       -5.06378
      105.38277      -63.01265       -3.20782
      152.74036      -24.17604       -3.84382
       63.50517       -8.50638       -1.86678
     -191.82201      -76.98792       -5.21187
     -228.84645      -94.97957       -5.03824
      274.97944      -94.36033       -5.06525
       -3.92882      -21.63148       -2.18260
       60.36238      -21.36272       -1.75136
       73.41598       -7.51524       -1.99404
        3.95283      -22.84610       -1.79604
      230.43141      -95.20543       -5.02411
       29.98366      -20.17308       -1.00603
      -98.34452       -5.42887       -3.81227
       98.34956      -53.39508       -2.64062
       96.49796       -5.93690       -2.35335
      155.06245      -11.76221       -4.03313
       40.90717      -25.41304       -1.11338
      -38.56936       -1.62422       -2.60140
      -20.51077      -36.99153       -2.12021
       60.08104      -11.66143       -2.38699
       76.38792      -82.14727       -2.87756
      -29.65707       -5.61662       -2.17947
       67.57201       -3.63470       -2.04551
       82.01882      -13.81071       -2.21434
      -10.99685      -10.17505       -2.68021
     -162.11729      -34.35602       -4.82678
      208.14709      -34.41881       -4.81245
       65.26568       -9.79934       -1.94555
      -66.96707       -3.38485       -3.16278
     -163.52452      -90.89944       -4.88788
       96.61101      -12.60099       -2.13343
      -10.33711       -3.79229       -2.37320
       56.32470       -3.79160       -2.38745
       65.50645       -6.11571       -1.74670
       56.31652       -2.62451       -2.38012
      144.59735      -51.90138       -3.94751
      -40.56766      -20.26588       -2.31002
     -214.02104     -144.15615       -5.05589
      260.07873     -144.05923       -5.06520
      172.80273      -61.76079       -4.36137
       56.40726       -7.77144       -2.38579
      -10.40726       -7.77144       -2.44543
      113.25018       -2.74310       -3.23055
      -23.40801      -57.29418       -2.63536
       56.91873      -15.52837       -2.87812
      -10.68883      -12.62128       -2.42579
       56.49702      -12.57896       -2.59669
     -117.34786      -32.95885       -4.29654
       56.38239       -6.36066       -2.35647
      -10.43894       -5.06621       -2.22490
       45.50953      -21.73750       -2.28824
       56.36787       -5.02177       -2.31387
       30.71994      -21.66060       -1.02142
       42.64170      -18.03765       -1.56610
      -22.78960      -19.58907       -1.70637
       -0.42749      -25.06325       -2.37059
       40.62415      -40.00540       -1.94317
      135.28835       -8.73680       -3.55666
      -27.39458      -15.10342       -1.94962
       56.44166       -9.27417       -2.43050
      -59.80156      -12.32175       -2.99441
       31.70182      -18.11943       -1.03701
       56.46196      -10.87425       -2.51147
       18.39725      -18.08437       -1.07838
      -50.84320       -4.48923       -2.90449
       56.31818       -1.55853       -2.37953
      -10.30272       -1.53613       -2.43729
      -42.26898       -3.40783       -2.71576
       61.94876       -2.21236       -2.23599
     -222.28550      -75.93098       -5.26933
      268.42665      -75.27537       -5.32284
       26.87836      -21.01140       -0.73833
      -11.77661      -44.13537       -2.05109
      163.27960      -34.24375       -4.06072
       27.36261      -23.35571       -0.85918
       -1.14019      -51.25289       -2.28498
        6.96690      -20.36883       -1.54766
       56.60957       -0.24475       -2.56789
      -10.60957       -0.24475       -2.59147
       60.81000       -2.67540       -2.19475
       -7.75714      -20.52927       -2.23163
       49.63219      -24.25202       -2.08893
      -12.27168       -1.35626       -2.53153
      -10.64176       -2.08194       -2.38737
       33.03071      -18.56599       -0.93865
       41.39200      -18.49123       -1.61984
       19.68371      -18.52895       -1.02089
       56.25186       -0.57711       -2.60000
      -10.25186       -0.57711       -2.61554
       81.48164       -2.97128       -2.52559
       59.42142      -32.94018       -1.93568
      109.28175      -12.62486       -2.78607
      -10.67615       -3.20560       -2.35388
       84.58156       -1.48748       -2.55908
      -27.43750       -6.88331       -2.39103
      -10.85121       -5.75118       -2.29685
        4.52239      -36.53075       -2.40569
      141.82171      -25.67442       -3.81399
     -177.23054      -45.14382       -5.09520
      223.25567      -45.10232       -5.09804
       57.19688       -0.57050       -2.66722
      -11.18601       -0.55983       -2.73433
      -36.08940      -20.74169       -2.44336
       76.09949       -5.95713       -2.07590
      -18.44897       -5.90782       -1.94493
      -10.81953       -7.08826       -2.48744
       25.27866      -24.65182       -0.68397
      112.24421      -40.73191       -2.64956
       28.24789      -18.32403       -1.04459
       40.52276      -17.55570       -1.65441
      -72.39320      -37.63550       -2.97641
       58.91936       -4.09878       -1.90551
       59.80674      -13.97954       -2.45396
       33.89237      -17.50949       -1.34307
      -72.59449      -14.55114       -3.38611
       20.56329      -17.55462       -1.36321
       61.07459      -15.06943       -2.11713
       56.64123       -3.20158       -2.35405
       95.13223      -36.54270       -2.21139
      -72.36185      -28.32719       -3.38349
      -44.70000      -24.72307       -2.50935
       56.51909      -14.39381       -2.71351
       27.39246      -17.57668       -1.03208
     -195.30124      -18.95269       -5.12939
      241.30378      -18.94424       -5.13590
      -92.19242      -40.81296       -3.31758
       70.77591      -20.94057       -1.42209
       56.63470       -2.10100       -2.42095
      -13.28414      -17.82086       -2.37504
     -229.96044     -131.37865       -5.16987
      276.01812     -131.28173       -5.19388
       55.34468      -95.99947       -3.67481
      -46.31718       -1.78361       -2.87107
      -64.67583      -16.63179       -3.14735
      -10.77605       -4.43781       -2.25569
      -12.37719       -0.68897       -2.49384
       56.69258       -4.39269       -2.36690
      -21.48635       -1.56927       -2.46373
      -15.89625       -0.99226       -2.43117
       53.62129      -17.50725       -2.89995
      -35.33259       -3.07470       -2.53938
       21.66308      -31.63027       -1.45328
       56.78965       -7.05864       -2.40205
       58.71115      -17.06220       -2.52456
       56.75026       -5.67713       -2.31037
      -50.99308      -22.34080       -2.48393
       12.25759      -17.62920       -1.45498
       -9.19281      -22.00858       -2.29982
       56.84891       -8.51501       -2.47439
       55.00259      -15.95428       -2.78834
       -9.01352      -15.94638       -2.79875
       -5.96527      -26.25652       -2.01916
      222.08392      -62.51346       -5.11041
       55.73938      -30.45177       -2.46089
       36.19700      -15.87444       -1.21459
        9.80300      -15.87444       -1.50955
       45.64664      -15.89279       -2.03171
        0.31013      -15.81838       -2.72779
       23.00000      -15.87386       -1.08591
       43.73968      -15.99119       -1.61387
       56.95898      -11.71784       -2.69744
       58.79630      -37.88153       -2.20712
       41.78314      -15.95855       -1.41245
       70.73034      -41.60433       -1.68491
       39.95964      -15.81238       -1.49918
       24.88400      -15.87386       -1.07497
       38.08300      -15.87444       -1.29160
       21.12541      -15.81203       -1.19149
       34.34601      -15.78399       -1.31613
       79.53708      -17.09306       -2.16211
      -10.39929      -10.87425       -2.71624
       26.76741      -15.79509       -1.20095
       47.51935      -15.78024       -2.64945
     -193.96051      -37.81742       -5.12152
      239.98443      -37.73801       -5.13241
       42.73577      -23.72195       -1.50017
       -4.15013      -18.06221       -2.72045
       19.30380      -15.95834       -1.04689
       56.90361      -10.06590       -2.57125
       28.65300      -15.87415       -1.09598
       17.31094      -15.99967       -1.06508
       32.49711      -15.95896       -1.02128
       30.57036      -15.97999       -0.96733
       11.68150      -15.79391       -1.56685
       65.01742      -11.66378       -1.72041
      -12.89944       -1.99738       -2.16654
       13.55994      -15.93465       -1.29021
        7.86132      -15.97537       -1.49167
       46.92243      -17.48703       -2.42943
       15.44617      -15.87722       -1.30215
      -54.11922      -12.96803       -2.98267
       71.02502       -4.44572       -2.45540
       49.39900      -15.87444       -2.91750
        2.12752      -16.02038       -2.13273
      -45.06124      -76.85805       -3.42300
       73.24101      -10.46531       -1.95207
      -42.69494      -41.41836       -2.92100
      -38.30693      -11.77985       -2.34198
        4.15482      -16.02841       -1.78598
      -50.83694      -16.51047       -2.97963
      -17.17831      -18.17162       -1.72167
      -19.37769      -20.43194       -1.93887
      -11.08812      -11.76015       -2.63792
        6.02771      -15.85753       -1.79723
       44.86182      -18.01321       -1.82501
      -12.86708       -9.38855       -2.39580
        8.26752      -21.48599       -1.62168
       51.30766      -15.88597       -3.09629
       43.81606      -18.86833       -1.84512
     -176.53112      -63.02428       -5.08374
       34.88466      -39.95039       -2.30196
       61.93707      -19.03612       -2.14193
       15.51839      -51.62208       -2.24781
       45.11323      -24.01126       -1.82483
       -1.46271      -15.80717       -2.99295
       53.14127      -15.78362       -3.11653
       46.79705      -28.53693       -2.12170
      -33.09331      -28.55337       -2.12938
     -128.47718      -62.99100       -4.61654
      -33.23006      -23.84279       -2.52566
      -76.08466     -100.78958       -3.90256
      -38.57870       -7.99980       -2.71048
      -31.71484      -10.85534       -2.24716
      121.37023      -48.61232       -3.39801
      -89.23157       -9.57950       -3.69877
       60.99345       -7.57119       -2.21647
      -11.28332      -15.83866       -2.63626
       -7.15774      -15.82579       -2.94640
      -11.72570       -2.61506       -2.44077
       42.89921      -60.10539       -2.49475
      101.92138      -43.47924       -2.83755
       28.29269      -19.90003       -1.04921
      -80.75418      -45.71428       -3.48380
       57.80176       -8.51791       -2.35329
       54.58114      -18.41168       -2.84133
       48.16012      -17.46868       -2.70176
       17.32591      -20.80145       -0.85123
      -18.61517      -43.24918       -2.01524
      -54.78243      -35.81783       -2.55334
      -11.37111       -3.21187       -2.51633
       57.01612      -13.47703       -2.83724
       86.76087      -38.81804       -2.39290
      -24.38273      -26.86994       -1.89116
      -61.01251       -6.09048       -3.10325
      -24.27442       -9.64941       -2.17028
       35.98558      -18.21886       -1.21870
       38.40365      -18.23708       -1.17477
       22.68007      -18.23436       -0.94036
       25.19472      -18.35755       -0.90982
       -3.27460      -15.98177       -2.77146
       49.09677      -18.28449       -2.82786
        9.99962      -18.53422       -1.25394
       66.86396      -21.66183       -1.78795
      -13.85840      -15.28398       -2.64290
      107.49949       -5.83618       -3.07953
      -32.23041       -7.56584       -2.34468
      279.44722      -57.58004       -5.48223
     -233.43905      -57.61641       -5.46593
      -57.34450      -53.36095       -2.54453
      -85.25054      -89.37100       -4.44888
       58.03572      -15.58429       -2.49267
       56.95001      -26.86126       -2.57932
        5.47531      -25.28659       -1.64232
      -11.85761      -10.61648       -2.88044
      -18.41783       -4.36627       -2.33368
        2.60950      -59.86269       -3.35212
      -42.34373       -6.59489       -2.82215
       46.13258      -18.49601       -2.20402
       -5.46933      -18.62993       -2.59613
       60.89920      -50.29063       -2.59077
       43.79327      -45.58331       -2.40474
       -9.05837      -51.14885       -2.57207
      -12.62542      -10.42981       -2.67437
       29.51322      -23.73186       -0.96768
      -98.56301      -67.83915       -3.99858
       11.01531      -17.56899       -1.40403
      -26.66376      -36.11867       -2.11125
      118.08061      -60.97722       -3.10774
       39.33729      -17.47159       -1.55990
       21.74749      -17.47014       -1.22448
       35.07759      -17.42498       -1.35444
      -61.59801      -42.28034       -3.01451
      -57.06163      -27.06356       -2.81952
       26.13613      -17.57639       -1.07189
       60.58001      -17.00590       -1.95898
       52.35021      -39.28464       -2.17560
       81.93273       -6.16381       -2.39165
       63.37889      -42.96129       -1.90701
      -14.43050      -10.83877       -2.40615
       -5.27354      -30.26269       -2.30303
       62.78918      -14.45113       -1.85590
       50.64619      -59.18238       -3.49818
        0.75646      -28.14946       -2.26201
      -16.93946       -2.62979       -2.41705
       -5.32472      -15.97308       -2.77248
      -15.85155       -2.04718       -2.34892
       99.61496      -74.12434       -3.03309
      -35.26717       -6.26320       -2.46569
       19.30010      -21.45972       -0.93248
       59.20477       -9.63508       -2.56834
       15.58865      -22.34298       -0.54054
      159.66710      -47.81916       -3.95156
      -41.89807      -14.83940       -2.47015
       57.94866      -11.71571       -2.59974
       22.97239      -23.11447       -0.89965
       61.46542      -24.06724       -2.20624
       28.13684      -56.69620       -3.15828
       31.13654      -25.72344       -0.94659
       79.16378       -7.64349       -2.24221
       -0.61800      -17.42416       -3.06479
      -47.23483      -36.73498       -2.83844
       30.59888      -18.70292       -1.11396
       10.01956      -20.32302       -1.24862
       51.97271      -25.66063       -2.07595
       62.87479      -12.29249       -1.98917
      -34.47983      -13.33275       -2.38419
       -8.85338      -24.98685       -2.05277
       17.54162      -70.17378       -3.60248
      -25.70360      -22.54614       -2.19017
      -50.49944       -8.52036       -3.06262
      167.08148      -76.07925       -4.39619
       65.22352      -58.54059       -2.66127
     -218.80689     -111.36072       -5.25027
      264.99756     -110.64455       -5.23521
       -2.51867      -39.94425       -2.53012
      -11.99191      -26.56462       -1.87054
      -12.12299       -6.53924       -2.70603
       11.30269      -60.59340       -2.19553
        4.12431      -28.37794       -2.18534
       20.29860      -19.94501       -0.98436
       40.89797      -20.16173       -1.17515
       40.01269      -52.43255       -2.93535
      -31.27442      -40.11508       -2.65624
      -17.03973       -3.73786       -2.30567
       49.89625      -45.20652       -2.77280
      -19.45021       -3.44996       -2.29692
      -27.81448      -30.48825       -2.31879
       35.79536      -19.89942       -1.00981
       60.80324       -3.84041       -2.07585
       22.87606      -51.50891       -3.01230
       72.07620      -16.77417       -1.88833
      -63.84587      -24.21776       -2.89975
       59.67942      -12.71137       -2.59811
       59.97220       -9.13305       -2.27235
       -1.58836      -31.25496       -2.30076
       44.70232      -16.55397       -2.10857
       57.58127      -18.36433       -2.33368
       42.72481      -16.61974       -1.67672
       23.94200      -16.41773       -1.15947
       37.14000      -16.41888       -1.34649
       22.06741      -16.35589       -1.20971
      -10.18828      -16.57862       -2.65603
       35.28901      -16.32843       -1.40249
       40.83077      -16.44093       -1.69864
      140.85710      -67.13157       -3.78161
      134.71213      -17.09434       -3.60000
       39.01664      -16.35682       -1.49891
      -11.49096     -109.08556       -3.44127
       46.59599      -16.34303       -2.68730
       10.73850      -16.33835       -1.61226
       25.82541      -16.33895       -1.19985
        8.80432      -16.51981       -1.56517
       20.25521      -16.44036       -1.21824
       33.47512      -16.41295       -1.26658
        6.48885     -112.36924       -3.13564
       52.44102      -17.43893       -3.33303
        1.12166      -16.50876       -2.73321
       27.70974      -16.33924       -1.22833
       75.50333      -15.49815       -1.98518
       18.32541      -16.62801       -0.95943
       42.26078      -21.40686       -1.59554
       25.57256      -44.40092       -2.09036
      253.85849      -47.83490       -5.39146
     -207.82641      -47.95069       -5.37354
       31.58547      -16.60895       -1.05332
       29.62736      -16.52414       -1.09077
       12.60944      -16.39855       -1.44768
       16.35311      -16.54690       -1.23389
       14.48811      -16.48187       -1.32056
       48.46235      -16.32469       -3.07951
       53.86265      -51.13275       -2.39711
       69.05314       -4.77940       -2.43554
       57.87545      -20.63464       -2.10827
       51.52775      -18.25137       -2.84027
      -14.81113      -19.14610       -2.47270
       54.02986      -16.40790       -3.14695
       59.81049      -26.73464       -2.01242
       -0.58257      -16.29555       -3.19915
        6.91503      -16.50290       -1.87647
      -15.30195      -14.81139       -2.50296
        3.08034      -16.71879       -2.11180
       -7.68039      -17.66165       -2.83179
      -14.08271      -57.41445       -2.55575
       58.15625       -7.74725       -2.42371
      -10.55458       -1.09454       -2.72648
       56.57003       -1.11694       -2.62289
       50.36466      -16.43041       -3.07968
        5.09452      -16.55594       -2.05878
      269.73530      -41.81863       -5.46888
     -223.72459      -41.86345       -5.45180
      126.93939      -71.47962       -3.90561
       -8.05726      -16.44216       -3.05631
       56.03090      -16.46472       -2.80555
       83.90374      -46.60848       -2.33479
       37.14000      -17.66676       -1.32961
       23.94200      -17.66397       -1.18182
       65.58300     -106.12973       -3.34701
       25.30607      -27.45517       -0.99867
       -1.99374      -20.29472       -2.28267
       -5.82845      -20.45222       -2.56100
       52.22093      -16.33958       -3.16473
      -11.40745      -20.95599       -2.35668
      -11.13102       -1.07726       -2.77810
       57.15734       -1.11032       -2.67392
      145.81770      -93.20290       -4.56210
        8.72412      -17.94894       -1.44825
       32.03191      -44.92211       -2.05313
       88.70328      -54.24898       -3.03489
      -29.89537      -17.68847       -2.42008
       57.58580       -7.03155       -2.48608
       51.75219      -20.02117       -2.76489
       75.81147      -48.00444       -2.56033
       43.92918      -20.56703       -1.76330
       57.75329      -10.09111       -2.70610
      -11.94887      -11.65137       -2.86104
      -37.23364      -31.93597       -2.64858
       50.36466      -17.69646       -3.01702
       -2.28130      -16.45894       -3.08771
       58.30132      -10.89734       -2.80186
       58.24417       -9.30228       -2.52182
      -33.59272      -16.86811       -2.41800
       33.99082      -51.82636       -2.94922
       56.01801      -17.82277       -2.71786
       -6.50626      -17.68836       -3.07329
       59.87507       -7.98939       -2.30526
       -0.09585      -35.51723       -2.71465
       59.05412       -7.43743       -2.32788
       29.53954      -17.73659       -1.24002
       15.39592      -30.90813       -1.60621
      -28.80547      -65.95512       -3.09096
       72.78434      -57.61136       -2.60564
       41.42390      -28.53649       -1.77455
      -11.52340      -18.88945       -2.54926
       -6.25446      -16.46887       -2.96833
       -8.57215      -18.68028       -2.67900
       73.75954      -24.56009       -2.04520
       -4.25731      -16.62485       -2.65483
      -11.55085       -7.09854       -2.82029
       65.09982      -24.79915       -1.92338
      -36.56547      -37.86726       -2.72713
      -43.22095      -30.36297       -2.48756
      150.20561      -77.36781       -4.52038
      -29.27209      -21.45387       -2.28308
       81.06358      -62.13876       -2.51468
       58.01675      -13.46541       -2.76725
       58.48734      -12.56521       -2.83867
      -14.95798      -13.29213       -2.56891
      -57.83197      -78.54425       -3.35827
      157.73522     -103.73930       -4.84015
       75.81467      -11.99043       -2.27314
       30.90128      -28.46580       -1.17354
      -45.87427      -13.46626       -2.75478
      -10.12378      -18.09304       -2.43321
      -24.01779       -7.36031       -2.58403
       44.17270      -29.95156       -2.38441
       79.05393      -10.72672       -2.24322
       18.38936      -32.73807       -1.30652
      -21.85953      -72.82689       -2.83762
      -46.04816       -9.00180       -3.00967
      -13.38012      -11.26571       -3.00029
       59.24161      -10.69690       -2.57935
       58.63672      -14.43810       -2.88214
       28.07275      -29.48124       -1.01308
        0.45757      -17.63737       -2.81353
       20.64345      -23.41961       -0.80012
        2.98486       -1.36597        2.18811
       25.66381       -4.56328        1.64037
       27.46753       -0.38339        3.47438
       48.78463      -12.42541       -2.33054
       21.00453       -1.27815        2.55717
       25.78736       -5.29532        1.02232
        2.46400       -1.53808        1.76397
        3.50658       -0.36964        3.34945
       -8.65638       -3.09835       -1.87061
       26.64213       -1.22363        2.40488
       36.22946       -1.06919        2.29701
       11.85928       -1.22970        2.23085
       18.50000       -0.40193        3.47004
       35.83332       -1.45867        2.15143
       26.87608       -1.75098        2.25297
       45.39216       -1.32652        0.32332
       33.96142       -1.67745        1.91983
       21.14924       -9.42429       -0.14994
       24.50274       -1.65238        2.20950
       33.45936       -1.68550        1.74744
       -8.35865       -3.63274       -2.08480
       33.12256       -4.03613        1.43993
       36.72609       -3.89877        1.21203
       12.35208       -1.53175        2.04603
       53.42770       -1.46649       -1.67069
       49.84536      -12.46484       -2.40972
       -7.88438       -8.13496       -2.05922
       43.90480       -1.61635        2.34067
       54.21802       -2.22368       -1.92421
       -7.61444      -10.14918       -2.25264
       23.95352       -1.44756        2.18830
       20.56519      -10.06147       -0.05237
       49.47194       -4.33467       -1.34497
       16.12691      -14.01084       -0.85550
       -2.04757       -1.21655        0.39163
       45.46626       -1.86548        0.74982
       -0.41348      -12.45596       -2.36154
       13.20936      -12.68510       -0.85226
       49.14878       -4.98070       -1.21900
       10.89537       -9.59450       -0.28182
       42.42756       -4.49927        0.44298
       20.51196       -1.54559        1.93634
       54.70547       -1.88442       -1.86819
       40.88601       -5.05949        0.64951
        5.07704       -5.41618        0.38666
        6.99770       -1.55640        2.16636
       42.64061       -5.19221        0.22237
       32.91185       -3.35831        1.81398
       -8.32232       -9.68642       -2.27634
       18.96392       -5.14672        1.43511
        4.70364       -5.99606        0.13739
       41.16660       -4.47288        0.31154
       36.51175       -3.23521        1.78200
       31.29694       -2.26242        1.73420
       20.61697      -14.06285       -0.86136
        7.63073       -1.66289        1.91050
       54.08924       -4.01653       -1.97934
       -7.14262       -4.73396       -1.67306
        0.41033      -12.50573       -2.24349
       49.00364       -1.45890       -0.42153
        9.22315       -4.26913        0.91462
       44.70772      -12.83352       -1.58170
       43.16866       -1.60195        1.65470
       21.24389      -14.73201       -0.77343
       19.40384       -4.54231        1.35724
       36.21543       -4.47945        1.48411
       54.29714       -2.71920       -2.25791
       48.16702      -13.19157       -2.45802
        9.44717       -4.90999        0.83394
       10.27618      -10.19434       -0.32300
       30.75519       -2.40636        1.69618
       -8.39721       -8.70298       -2.34589
       26.94108       -0.64012        2.61117
       28.00211       -0.69402        2.88855
       54.46322       -4.52243       -1.89716
       13.09785      -11.74230       -0.63748
       52.54413      -10.41916       -2.38694
        3.00658       -0.65831        2.15591
        4.03624       -0.69235        2.27807
       40.95445      -14.24936       -1.11197
       17.03367      -14.15301       -0.92117
        2.88711      -13.27334       -1.96692
       55.60746       -5.06572       -2.10189
       48.22798       -9.79838       -2.14636
       32.60644       -4.61107        1.47695
       24.74441       -9.62657       -0.13138
       19.01165       -0.71651        2.46124
       18.00000       -0.69060        2.69178
       44.25439      -13.57345       -1.68658
       52.88564       -1.21945       -1.53459
        5.38903      -11.16923       -1.08204
       -2.54733       -1.42109       -0.45286
       53.50334       -2.00625       -1.72167
       49.26250       -0.98797       -0.58685
       32.41302       -1.52811        2.07938
       -7.75332       -3.69559       -1.96756
       -0.92506       -4.77981       -1.08547
       38.83358       -1.20352        2.29119
       12.34100       -5.18607        0.62672
       50.42390      -14.23201       -2.65731
       50.64311       -4.97329       -1.48968
       -8.07450       -1.20645       -1.74013
       53.02635      -11.04320       -2.60868
       12.89167       -5.52956        1.01174
       12.37227      -13.20952       -0.88940
        8.53044       -2.41646        1.54209
       12.51638      -14.25452       -1.12826
       -5.99991       -3.08477       -1.23076
       24.03985       -5.08797        1.39093
       -8.54162       -5.49085       -2.01698
       51.27415       -4.87412       -1.51728
       -5.47910       -1.44867       -1.20597
       50.61062      -13.23307       -2.77903
       55.22182       -4.43977       -2.01051
       36.54155       -5.22508        0.48462
       30.69881      -11.84711       -0.44908
        4.70387       -1.58651        1.71123
       23.05630      -14.77722       -0.84086
       -0.45614       -2.18744       -0.03645
        9.50284       -3.14363        1.27090
       10.40208       -1.33570        1.80125
       22.74266       -5.52843        1.27274
       -0.70506      -14.19662       -2.46971
       50.88844       -1.17029       -0.97319
       48.58259       -9.05716       -2.34855
       39.32885       -1.46858        1.91433
       28.73576       -1.55670        1.99565
       31.37329       -5.08878        1.16995
       26.47694      -11.32252       -0.85947
       23.21334       -5.00617        1.07160
       47.37931       -1.46170       -0.27439
       26.99961      -11.82076       -0.50661
       31.89322       -1.24509        2.38720
       15.37182      -14.75284       -0.98455
       48.39228       -4.96304       -1.59723
       34.89227       -2.19539        1.60976
       41.90786      -14.77490       -1.43104
       30.08084      -11.34675       -0.68763
       21.50152       -1.58129        1.97065
       -5.45191       -2.04637       -1.18839
       44.25628       -1.11155        1.95187
       -0.93228      -13.20065       -2.65042
       46.91968       -1.20266        0.68588
       27.92336       -5.07399        1.33055
       -7.70630       -4.45148       -1.88469
       51.37065       -1.44868       -1.40034
       -0.95046       -2.54116       -0.69448
       -5.36901       -3.36984       -1.27280
       35.67516      -12.47048       -0.66801
       22.24219      -14.17922       -0.80245
       -4.16313       -3.21623       -1.03113
       41.20589       -2.48344        1.14126
       50.27439       -9.86837       -2.40915
       40.05874       -5.02578        0.16805
        3.47890      -12.62419       -1.66313
        3.91897       -5.81383        0.24221
        3.40741       -6.37173       -0.25676
       41.02085       -0.59390        2.35302
       38.97186      -13.25626       -0.90174
       14.17290       -5.29566        1.08364
       31.82520       -4.48295        1.17724
       19.58755       -1.58241        1.83851
        2.46792       -2.70328        1.42644
       17.48344       -2.92235        1.54756
       18.55387       -1.88825        1.95182
       50.30953      -11.53438       -2.71739
       39.65123       -5.62221        0.45664
       24.35630       -4.50448        1.31946
       44.96067       -2.31547        0.66392
       41.52573       -0.31704        3.26135
       36.12294       -2.03522        1.79241
       48.02076       -5.60889       -1.38584
       55.19911       -5.73133       -2.15007
       -5.21346      -11.68273       -2.46292
       18.07897       -1.72013        1.73507
       19.26396       -5.91930        0.94770
       34.20448       -1.14999        2.21031
       19.77618      -14.12282       -1.02573
        6.18707      -11.71728       -1.20312
       35.01978      -13.13731       -0.70003
       -0.88068       -5.57767       -0.91917
       -7.06277       -1.20656       -1.52834
       25.54942       -9.80876       -0.14957
        5.68765       -5.34489        0.20572
       -2.47342       -5.06536       -1.31098
       37.31681       -1.31747        1.83674
       26.59519       -5.48129        1.20608
       -4.80086       -2.94890       -0.94368
       -2.22157       -9.71807       -1.98940
       32.52534       -2.13578        1.78469
       10.47693       -5.73568        0.67686
        7.89147      -11.71579       -0.91324
       15.95054       -1.21187        2.27695
       -6.03450      -11.16008       -2.37948
       -6.53646       -4.24180       -1.46227
       34.83629       -1.10188        2.57291
       25.03714       -4.30000        1.23060
        9.99895       -2.67776        1.57613
       -4.05720       -3.90559       -0.95384
       10.22437       -5.05043        0.76959
       36.06663       -5.83194        0.64653
       49.75564      -10.66887       -2.14144
       34.36914       -2.33010        1.68406
       28.09427       -5.81824        0.56843
       11.63353      -14.79818       -1.21032
       40.83591       -2.90094        1.42206
        7.85320       -2.32418        1.65619
       24.07620      -10.21640       -0.15564
       19.06901       -1.40281        2.29322
       -5.23668      -12.66533       -2.49424
        2.22716       -2.10055        1.13826
        8.81911      -13.20462       -1.10065
       25.91106      -13.18962       -0.56301
        3.11950      -14.24577       -1.79762
       28.91847       -2.16920        1.73144
       -6.18754      -13.11717       -2.50118
        7.90273      -12.69550       -1.07723
       -7.62907       -1.55854       -1.76546
        7.03104      -11.26693       -1.01498
       25.02962       -1.23527        2.55857
       39.83993      -12.76211       -0.94587
       39.01132      -14.28891       -1.09133
        9.74057       -3.78520        1.07778
       10.43015       -1.80525        1.54054
       44.90443       -1.04846        2.06665
       55.59165       -6.37090       -2.16941
       -6.56778       -1.51437       -1.39881
       43.45949       -5.31165       -0.01002
       13.48222       -1.41437        1.94426
       -1.54955       -1.55539        0.01595
       14.28271       -6.07321        0.66779
       -8.39109       -2.50035       -1.96588
       23.43282       -1.71733        1.60551
        4.84666       -2.22236        1.64563
       -6.01025      -10.27491       -2.38977
       -1.57608      -14.79910       -2.76634
       -2.28531       -5.83215       -1.14871
       53.79205      -12.69383       -2.58131
       45.21957       -2.94482        0.24216
       20.74182      -10.97701       -0.35231
        4.11025      -14.73957       -1.86726
       15.40273       -2.42698        1.68264
       -6.24262      -14.19395       -2.57865
       30.49219       -3.00032        1.73968
       -2.86136      -10.28058       -2.19475
       35.11636       -1.49463        1.68082
       16.97843       -3.43361        1.35421
       18.15718       -5.00641        1.14237
       31.66183       -5.81589        0.46901
        1.97611       -3.22666        0.67058
       31.47351      -14.30536       -0.87966
       25.85446      -14.26875       -0.81068
       35.19929      -14.18867       -0.80794
        8.83425      -14.25475       -1.28538
       12.19209      -11.22030       -0.63320
       51.56872       -8.71904       -2.37429
        0.01822       -1.18863        0.79212
       13.53125       -1.99766        1.76994
        9.86774       -2.13091        1.42256
        4.36771       -2.68634        1.20838
       21.93522       -9.52710       -0.18341
       17.25461       -2.30860        1.67953
       17.66118       -5.57630        1.21020
        9.62327      -11.68331       -0.78041
       25.04286      -11.62270       -0.34300
       34.09753       -2.92241        1.79307
       43.75190       -6.01726       -0.22021
       37.74546       -2.88872        1.60685
       16.68003       -4.64972        1.28615
        1.60728       -4.40770        0.04010
       29.53702       -2.29054        1.66524
        1.17009       -2.36446        0.81569
       30.34146       -4.24227        1.53601
       33.93008       -4.18071        1.54770
       16.45054       -1.50531        1.98913
       37.52185       -4.04042        1.47956
       -3.54087      -11.72206       -2.45856
       -2.99648       -3.00315       -0.86234
       45.92841       -2.99142       -0.51094
       -4.36171      -13.20411       -2.55983
       -3.38233       -4.14441       -1.20009
       45.81598       -4.19336       -0.73542
       46.21599       -3.59454       -0.60557
       14.36867      -14.20918       -1.05341
       37.99082       -3.47944        1.19158
       33.25323      -13.31534       -0.86299
       29.59303      -13.24622       -0.59185
       34.39586       -3.59556        1.45858
       30.80454       -3.66695        1.52553
       51.18451       -9.95284       -2.30043
       -0.92992      -10.75289       -2.22187
       18.17684       -3.06822        1.45094
        0.78909       -3.47387        0.15064
       -6.79018       -9.72104       -2.20723
       32.33470      -12.89015       -0.82632
        3.16395       -2.90731        1.15301
       -3.78597       -5.36741       -1.45677
       49.36967       -1.99382       -0.65551
       17.19249       -4.11719        1.27380
       44.22999       -2.24351        1.24841
        9.69784      -12.68034       -1.03296
       25.02379      -12.63099       -0.46820
       46.14502       -4.85672       -0.77538
        1.19168       -5.65800       -0.57942
       -3.75433       -2.16710       -0.82247
       37.80392       -4.72823        0.61972
       23.24166       -2.13299        1.53964
       50.06943       -1.93240       -0.76048
       34.20194       -4.88047        0.86537
       18.67205       -2.55866        1.67800
       29.79686       -2.89920        1.59045
       30.60851       -4.94939        0.93466
        4.10565       -1.36495        2.02512
       52.98798      -12.72426       -3.01959
       15.77221       -3.75463        1.29599
       14.91506       -2.92446        1.33635
       51.75058       -9.34157       -2.43452
       16.27808       -3.25998        1.38965
       -1.46036       -4.40731       -1.14888
        2.14876       -3.91829        0.70948
       16.89537       -5.38141        0.98623
       41.28948       -5.74497        0.11660
       -8.18311       -6.03834       -2.17270
       16.35066       -5.93709        1.05991
        3.67354       -2.43543        1.67595
       51.64290      -10.65013       -2.86917
       27.60684       -1.83765        2.15215
       29.38611       -3.43176        1.69627
       49.58336       -5.65848       -1.71589
        9.92414       -6.27685        0.53173
        1.75969       -5.14185        0.09494
        1.30335       -3.01111        0.91756
       24.02081      -14.23098       -0.80279
       -9.28344       -5.62266       -2.28267
       -2.53964       -2.48879       -0.27468
        6.98753      -13.20805       -1.26901
       -2.85410       -3.67223       -0.73985
       27.80908       -2.50687        1.78781
       -6.01956       -2.41273       -1.37079
       40.87524      -13.23967       -1.02679
       -1.09760      -11.52978       -2.38927
       30.11242       -5.53292        1.01083
        9.12158       -6.08308        0.51432
       39.82279      -11.95061       -1.15576
       20.33810       -2.16786        1.66831
       -5.88176       -4.55927       -1.55158
       33.72987       -5.47654        0.92275
       -2.90430       -6.40729       -1.68184
        8.10341       -5.21874        0.65386
       -1.51892       -6.09813       -1.40518
       -3.23258       -4.87285       -1.06951
       37.33427       -5.33220        0.80256
       -4.39089      -11.24140       -2.34579
       15.42151       -4.99186        1.17651
       10.45728      -11.15520       -0.63764
       24.14854      -11.14794       -0.33489
        6.24826       -5.77681        0.42867
        2.08814       -6.68048       -0.66273
       28.48554       -2.64592        1.70046
       44.78961       -3.50099        0.10743
       11.29467       -5.87519        0.78298
       42.12941       -5.82654        0.23871
       -3.48847      -12.70217       -2.55081
       42.81894       -2.17009        1.76326
        8.73328      -11.22788       -0.83905
       -4.62804       -4.37320       -1.33664
       43.78796       -2.81987        1.16216
        8.54391       -6.60241        0.28037
       12.99906       -2.39556        1.54412
        0.09599       -2.49228        0.08590
       13.67913       -6.62811        0.74700
       20.06434       -6.12185        1.21133
       45.73271       -5.49160       -0.95351
       25.32421       -2.56372        1.66487
       17.34701       -6.90970        0.79365
       50.39209       -5.67958       -1.35035
       -5.30213       -4.10478       -1.21711
       25.18464       -5.88383        1.14712
       27.33386       -3.00719        1.68853
       22.44393       -6.75870        0.74502
       47.31312       -3.06543       -1.00293
       55.18439       -7.06889       -2.20532
       27.52766       -6.40095        0.71981
       -9.35119       -3.15690       -2.22391
       50.42686       -2.47815       -0.83835
       31.16051       -6.41616        0.54074
       34.80448       -6.32638        0.46739
       28.65418      -12.78572       -0.57592
       -4.50656       -5.10659       -1.25783
       46.36403       -2.43069       -0.46473
       -4.35717      -14.25172       -2.67255
        6.13229      -12.67868       -1.28649
       38.43518       -6.15662        0.30220
       51.28667      -11.43116       -2.44329
       39.10808       -3.04304        1.26125
       12.26501      -10.39145       -0.52757
       18.69796       -6.54047        0.94866
       28.10059       -1.36420        2.49221
        0.92037       -4.17882        0.20308
       53.99802       -6.42835       -2.10027
       -3.63065       -2.78598       -0.67981
       40.81953       -6.43206        0.10948
       -3.64580       -6.13506       -1.41303
       27.71648      -14.29796       -0.83947
       22.25348       -2.40619        1.68226
        6.98101      -14.25886       -1.42404
       33.33155      -14.27757       -0.90485
       29.59346      -14.30421       -0.85382
        0.16214       -3.20405        0.20644
       43.26762       -6.66539       -0.34301
       52.39423       -2.49888       -1.35458
       16.07752       -2.57437        1.65931
       35.27937       -5.71545        0.31852
       -7.75961      -12.64719       -2.69141
       26.83195      -12.76659       -0.58636
       10.67043      -14.25648       -1.23286
       46.85045       -6.22884       -1.54026
       54.41045       -5.77748       -2.05013
        0.54141       -1.47899        0.93833
       15.96010       -4.46078        1.15376
        5.93400       -1.94155        1.76409
        1.33950       -6.43199       -0.50793
       48.75254      -10.62752       -2.21776
       49.39541       -3.10161       -0.91589
       18.38319       -3.74129        1.32087
       49.22550       -6.33442       -1.50912
       44.67673       -4.75882       -0.29229
       15.08398       -3.56649        1.28261
       14.25446       -2.76404        1.44285
        7.75825       -6.38160        0.30754
       53.20571      -14.77221       -2.81011
       -7.18341      -14.73422       -2.68498
       15.59672       -5.73648        0.83515
       29.61837       -4.10820        1.31331
       52.10622       -5.81244       -1.73160
       30.52958      -12.80150       -0.57592
       -3.41196      -14.79200       -2.74744
       49.38805      -14.72285       -2.76021
        0.35658       -4.65212       -0.55984
       12.92577       -6.33691        0.63118
       51.64552       -6.39254       -1.73541
        3.55427       -1.74989        1.67363
       36.87068       -1.03944        2.40369
       33.42103       -2.82973        1.55468
       28.65320      -14.81297       -0.93060
       -7.24090       -3.23851       -1.57265
       32.30414      -12.13147       -0.97107
       16.56156       -6.70390        0.54479
       45.53683      -14.80229       -2.11608
       32.41925      -14.81413       -0.98651
       36.17299      -14.72523       -0.90977
       13.51485      -14.78634       -1.11189
        6.04365      -14.79241       -1.65473
        0.30102      -14.72753       -2.49708
       39.95860      -14.80445       -1.25812
        9.78289      -14.78831       -1.30189
       24.90652      -14.78376       -0.85370
       19.14710      -14.79198       -0.92568
        3.36085       -3.64592        0.99898
       -0.29071       -4.36426       -0.55488
       37.06215       -2.78615        1.43354
       24.63958       -2.35606        1.88007
        5.66756       -3.08975        1.38072
       28.69334       -3.29983        1.58493
       21.64029       -6.57365        0.46858
        4.51794       -3.35736        1.12162
       26.65517       -2.86802        1.65294
       26.76893       -6.23185        0.47712
       38.20338       -2.38996        1.50360
        9.90859       -1.11133        2.09398
       32.94188       -5.35171        0.66659
        8.85484       -1.93789        1.57020
       30.37587       -6.27258        0.30613
       -6.90491      -12.50408       -2.66942
       -9.48760      -10.82570       -2.47914
       55.53804      -10.87425       -2.56980
       55.59274       -7.77144       -2.31660
       -9.56248       -7.77372       -2.28554
       45.09844       -4.14641       -0.12035
       -9.62870       -6.31640       -2.28809
       34.02525       -6.20553        0.18119
       -9.19119       -7.01666       -2.16265
       -6.58773       -3.50224       -1.57877
       -2.53204      -14.26109       -2.75051
       53.05505       -2.49122       -1.70449
       17.90191       -6.33778        0.67873
        8.79227       -3.02515        1.40060
       47.24746       -5.57455       -1.43858
       -2.06841       -4.51931       -1.15865
       37.65342       -6.05398        0.01469
        5.06590      -14.20198       -1.45989
       55.10836      -10.06572       -2.37239
       55.09921      -11.71217       -2.51072
       55.61436       -3.79474       -2.02774
       -9.66493       -3.76494       -2.18539
        6.75583       -1.03243        2.10895
       42.17088       -2.11649        1.33883
       44.08867       -3.44800        0.41618
       43.11305       -2.76084        0.88195
       40.00855       -6.34301       -0.12346
        5.17627       -1.18432        2.28925
       38.87743       -5.53391        0.09845
       46.92139       -3.63033       -0.75803
       29.13835       -4.67374        1.36574
        0.58969       -2.11544        1.06293
       15.02012       -6.29224        0.90990
       55.16306       -8.51482       -2.29061
       -5.28721      -14.78972       -2.74721
       44.98196       -5.44065       -0.41759
       42.46402       -6.59411       -0.19281
       37.35561       -1.83244        1.57793
       22.43386      -11.02539       -0.23652
       26.77394      -14.81499       -0.91549
       48.37245       -2.54817       -0.72494
        7.91136      -14.79644       -1.47370
       34.28029      -14.79344       -0.96927
       30.53625      -14.82123       -0.97535
       12.35858       -2.17585        1.85557
       51.08523       -2.47665       -1.21698
       13.53522       -5.04320        0.85048
       55.56117      -12.57329       -2.81848
       46.07390       -6.18517       -0.97676
       55.71563       -1.50965       -2.27295
       -9.72544       -1.52320       -2.32390
       55.57032       -9.27398       -2.44396
       20.18698       -3.32826        1.33410
       48.00374       -3.09121       -0.64759
       38.69245       -3.56766        1.51472
       50.07850       -3.09849       -1.06129
       48.41941       -6.30248       -1.91022
       35.43335       -4.36940        1.14689
        5.48999       -2.40271        1.37067
       35.12886       -3.66619        1.73181
       28.44388       -4.51698        1.12919
       34.97221       -4.99853        1.14527
       31.52350       -3.76826        1.68335
       55.25432       -3.18122       -2.01071
       23.01077       -6.22596        0.58648
        2.65321       -6.14053       -0.07212
        6.32044       -3.23275        1.12037
       50.84492       -6.36218       -1.85827
       53.22302       -6.44848       -2.05098
       -5.78567       -5.31292       -1.52071
       32.44919       -5.95070        0.73731
       11.83101       -2.60148        1.45632
       55.63997       -2.60101       -2.05304
       54.37942       -7.08018       -2.16658
       39.77743       -3.16212        1.57018
       -0.12745       -5.90715       -1.12378
       -7.04981       -5.53098       -1.72093
       48.41236      -14.22994       -2.39420
       -4.86411       -2.29747       -1.11958
       19.33801       -2.66953        1.51883
       17.90384       -4.27900        1.31844
       46.44714      -14.30938       -1.96787
       32.19688       -2.52257        1.34422
        7.91860       -4.59359        0.69057
       -0.91435       -3.26309       -0.56949
       -2.72075      -11.24102       -2.29647
       55.35560       -2.02863       -2.19683
       -2.76071       -7.19534       -1.65634
       35.75616       -2.38367        1.20190
       -0.00542       -6.69619       -1.07007
       -1.37921       -6.94535       -1.51716
       24.38309       -5.76832        0.80839
        1.16980       -9.41424       -1.71767
       11.18990       -2.40435        1.66747
        2.83749       -4.13352        0.43553
       37.11172      -14.20969       -0.88892
        6.37629       -6.57519        0.27518
       50.15754       -4.30616       -1.26818
        6.57108       -2.08543        1.51708
       38.07872      -14.81446       -1.13942
        2.26566       -7.48007       -0.61575
       11.52665       -6.64501        0.57638
        4.97996       -6.80349        0.17651
        3.61951       -7.16538       -0.23209
       27.18299       -4.90614        1.10732
       44.53130       -6.08056       -0.56296
       13.10666       -3.02750        1.36192
       15.20527       -7.06956        0.41044
       10.12685       -7.03413        0.29520
       21.41371       -5.84829        1.13513
        8.74680       -7.35692        0.07773
       41.63888      -10.14328       -0.86135
       19.73838       -2.17872        1.56409
       23.52437       -2.66592        1.56160
       49.04401       -2.54270       -0.71575
       -2.76362       -1.92478       -0.53689
       11.98595       -3.26607        1.20976
       41.87711       -1.53464        1.99935
       20.29895       -6.94216        0.38324
       40.44923       -1.33633        1.66738
        4.02067       -3.84506        0.67090
       13.83208       -7.42259        0.26154
       47.25958       -4.26843       -1.27945
       25.48537       -3.21153        1.48719
       22.46127       -3.03875        1.42994
       25.41916       -6.66369        0.35556
       18.94208       -7.31576        0.30122
        8.62794      -10.32009       -0.61239
       17.57618       -7.69421        0.18556
       27.54810       -3.66592        1.45559
        1.31306      -10.27961       -1.64129
       10.60051      -13.19864       -1.00095
       28.84180       -5.97883        0.82821
       29.06812       -6.72334        0.20093
        0.47548       -5.39715       -0.43070
       24.05597       -7.09918        0.19436
       22.69428       -7.49813        0.09624
       28.63421      -11.97411       -0.77327
       31.67627       -2.63838        1.35098
       20.58864       -2.68484        1.51711
       23.29164      -11.60363       -0.43279
       32.74271       -6.69320        0.05250
       27.73869       -7.16759        0.10277
       -9.54229      -12.56207       -2.77554
       35.24245       -2.50788        1.21635
       -9.65474       -5.01155       -2.23915
       14.73510       -4.77007        0.98702
       36.38585       -6.56190       -0.05457
       31.43372       -7.16454       -0.04649
       -2.60401      -13.21887       -2.63242
       -7.15058       -8.31610       -2.32651
        5.14802      -13.13906       -1.38424
       38.75662       -6.88668       -0.21491
       35.10499       -7.07009       -0.13800
       38.98488       -4.22772        0.70077
       52.03837       -3.08647       -1.52025
       42.84792       -1.10415        2.12154
       -9.68626       -2.60649       -2.20202
       50.29490       -1.35786       -0.82189
       -9.13506      -10.00281       -2.53350
       41.17326       -7.16531       -0.27360
        1.19627      -14.23373       -2.16401
        5.76307       -1.35901        1.79375
       -7.24407       -2.57003       -1.57104
       21.60029      -11.44488       -0.32311
        9.33683       -9.81466       -0.53872
       44.85483       -6.79122       -0.68249
       -5.08456       -5.59182       -1.65665
       41.93111      -10.97942       -1.05607
       47.99534       -4.30114       -0.95590
       29.36536       -5.39134        0.71701
       43.59343       -7.39568       -0.53719
       47.22024       -6.93221       -1.59960
        5.17446       -3.58042        0.95624
       49.06787       -3.70469       -0.89862
       -8.63328       -1.42228       -2.11299
       -0.35387       -3.62114       -0.64608
       36.53154      -12.59156       -0.90330
       49.65201       -7.05918       -2.02668
       26.39963       -2.28103        1.73777
       20.03262      -11.55350       -0.58003
       43.29878      -10.33728       -1.06277
        0.74533       -6.96019       -1.17665
       48.24570      -11.45360       -2.38338
       52.03561       -7.08045       -2.04713
       19.07645       -3.86429        1.34565
       46.84367      -10.54601       -2.03558
       -6.34756       -5.79247       -1.85214
        7.18471       -6.89781        0.07798
       21.94925       -5.33580        0.92222
       -9.54229      -14.24939       -2.93640
        7.54217       -5.67954        0.40886
       12.29991       -6.88810        0.70149
       -1.38650       -3.63371       -1.08767
       13.76140       -3.20681        1.23275
        1.16420      -13.28753       -2.37580
        8.05552       -1.19555        2.28207
       39.70451       -4.33790        1.12822
       15.99278       -7.28062        0.62920
       -3.36893       -7.69700       -2.00533
       45.52943       -9.72427       -1.51917
       24.16609       -2.82914        1.65108
       -2.00201       -7.46742       -1.89843
       21.09493       -7.13167        0.65711
       38.07083      -10.44094       -0.52892
       26.15806       -3.36985        1.64277
       53.48587       -0.29045       -1.82713
       -7.50000       -0.28868       -1.79828
       -0.61895       -7.21393       -1.66390
       26.19563       -6.82575        0.57525
       28.23112       -3.81951        1.60349
       53.36324       -3.05978       -1.73437
       43.93366       -4.69311        0.07922
        3.00890       -4.85696        0.47330
       52.47449       -0.29509       -1.55604
       29.85513       -6.87551        0.38482
       46.88322       -4.89599       -1.22775
       47.27554       -9.80761       -1.89855
        5.78684       -7.08372        0.04407
        0.61427      -10.87543       -2.02938
        3.04283       -7.73377       -0.77725
        4.40738       -7.41490       -0.38296
       -6.00398       -1.16767       -1.31591
       36.86437       -9.52775       -0.32799
       20.07549       -4.51138        1.07573
       47.46246       -2.01175       -0.41326
       51.47973       -0.29384       -1.26593
       -5.49898       -0.28443       -1.21069
       33.53078       -6.82320        0.28269
        7.42903       -2.82184        1.24448
       10.91161       -7.26279        0.38245
        9.52717       -7.59488        0.13400
       48.54297       -0.30444       -0.02709
       -2.49643       -0.28525        0.14296
       12.62112       -3.47238        1.12963
       -1.50727       -0.29620        0.93639
       47.48762       -0.29480        0.62815
       37.17992       -6.67681        0.19942
       -9.20995       -8.50275       -2.39894
       -0.50331       -0.29402        2.10100
       46.49607       -0.28830        1.72502
       14.62082       -7.64501        0.46489
        8.29518       -3.53304        1.03430
       45.48403       -0.26766        2.14616
       19.51165       -0.31458        3.45309
       22.53877       -0.29690        3.38488
       24.48040       -0.30849        3.48845
       25.50000       -0.28868        3.40575
       26.47354       -0.25673        3.39222
       21.51111       -0.31409        3.42767
       28.53458       -0.31063        3.43271
       17.50000       -0.28868        3.30857
       16.49293       -0.29752        3.28158
       23.09236       -3.18447        1.44956
       30.50243       -0.26865        3.33379
       38.48681       -0.28788        3.11912
       11.48987       -0.28787        3.25428
        2.50000       -0.28868        2.97967
       31.48020       -0.29672        3.20709
       39.46397       -0.29074        3.14482
       40.49512       -0.27687        3.19588
       37.47504       -0.27061        3.03886
       10.47934       -0.27716        3.17974
       32.48757       -0.30078        3.31944
       36.50996       -0.23308        2.90181
       43.50255       -0.33074        3.14975
        4.52966       -0.32272        3.14593
        9.48804       -0.27733        3.21521
       33.53534       -0.34847        3.25778
       13.48551       -0.27853        3.26618
       35.50049       -0.30036        3.09522
       34.50041       -0.22981        2.96635
       14.49827       -0.27379        3.20677
        7.47270       -0.32392        3.28667
       15.50000       -0.28868        3.31208
       39.55619       -6.98477        0.00573
       21.98256       -3.52303        1.38698
       19.74268       -7.51490        0.54024
       16.39697      -11.21237       -0.52562
       18.37520       -7.89757        0.41977
       42.72655       -3.31456        1.09381
       38.56532       -4.82730        0.93656
       41.97781       -7.24579       -0.27003
       51.38041       -3.08654       -1.31484
       24.84890       -7.26331        0.42387
       51.88523       -5.22294       -1.90874
       23.49241       -7.68052        0.31435
       47.04334       -2.46892       -0.11949
       -6.50000       -0.28676       -1.52107
       15.28990      -10.11985       -0.27268
       28.53163       -7.32940        0.29285
       45.64668       -6.84488       -1.14984
       44.59383      -14.43422       -1.95964
       -6.61055       -2.16173       -1.41092
       32.22856       -7.30676        0.13602
       48.34777       -3.68882       -1.14433
       48.01590       -6.97151       -1.78929
        3.66567      -10.26425       -1.24069
       41.79539       -4.27479        0.43716
       35.89910       -7.18912        0.10092
       50.46270       -7.06584       -1.70084
       11.35084      -11.64892       -0.62059
       52.37464       -3.65487       -1.60763
       -4.10517       -7.39266       -1.77815
       -9.02989      -11.65240       -2.45978
       29.16870       -1.16484        2.40839
       42.96275       -9.53355       -0.86380
       51.37785      -14.83916       -3.03540
        1.66167       -8.03059       -1.20798
       52.81320       -7.09682       -2.03608
       40.08143       -3.79692        0.73503
       -4.35006       -1.94592       -0.85422
       40.70320       -7.80756       -0.29640
       51.45828       -1.99272       -1.32167
       -1.52053       -2.21503        0.03823
       -9.31967       -4.35580       -2.20118
       53.03870       -3.63584       -1.80401
       44.40124       -7.45821       -0.80106
       42.77390      -11.08181       -1.07408
       40.49630       -1.84279        1.41261
        7.37100       -7.65250       -0.13185
       42.85086      -14.40683       -1.57430
        5.50661      -10.36783       -1.15007
        2.47258       -5.37589       -0.11199
       19.53607       -3.30210        1.41599
       12.47622       -7.74192        0.09461
       31.46727      -13.34362       -0.80064
        3.70108       -5.06370        0.19567
       49.94887       -9.22015       -2.57779
       -5.28735       -9.04884       -2.26274
       16.21505       -8.07592        0.08826
        6.77994       -2.68958        1.41018
       38.54754       -9.73948       -0.52951
       43.12588       -8.06632       -0.62696
       39.89711       -7.71608       -0.34792
       49.24037       -7.72876       -1.89232
       47.28928      -11.36287       -2.08306
       21.35065       -7.91195        0.07358
       -9.41170       -2.04766       -2.31181
       45.94918      -10.50136       -1.65457
       14.58545       -4.05085        1.15101
       11.70386       -9.73934       -0.45072
       26.41185       -7.61347       -0.00253
        4.18949       -4.53939        0.65141
       -8.81133       -2.00006       -2.02878
       40.71625       -3.89818        0.91826
       -7.57508      -11.07256       -2.50413
       24.08148      -13.15734       -0.61317
       16.54904       -2.13425        1.83750
       30.11533       -7.63983       -0.11206
        1.81234       -8.86131       -1.14426
       32.35294       -3.16083        1.08640
       54.36222       -8.50149       -2.36182
       38.47033      -11.30660       -0.66389
       12.94352       -1.16817        2.39321
       33.81362       -7.58021       -0.21028
       37.20784      -10.33216       -0.55050
       -4.95661       -6.33636       -1.62156
       -4.61446       -8.62725       -2.04565
        2.60700       -9.13660       -1.25040
       52.96036       -0.58554       -1.67723
       -8.48741       -6.87041       -2.20773
       21.58330      -12.49876       -0.59374
       37.49829       -7.42124       -0.25267
        7.60919       -3.42201        1.06137
       20.39900       -3.85953        1.11924
       15.92357      -12.85850       -0.81365
       48.41035       -7.67304       -2.15250
        2.13130      -10.58178       -1.71440
        8.14743       -7.89081       -0.12175
       45.96771       -9.00040       -1.43777
       14.24521       -9.04037       -0.01683
        0.50544       -0.29248        2.53686
       13.25504       -7.98521        0.24215
       16.61245      -12.13235       -0.79102
       17.01300       -8.28371        0.28373
       22.14636       -8.09336        0.25589
       15.53596      -10.98556       -0.62330
       27.19619       -7.78621        0.19852
       13.79598      -10.41066       -0.43811
       51.95422       -0.58894       -1.43509
       30.90928       -7.78528        0.03852
        0.88997       -7.75920       -1.09038
       -4.23844       -6.61877       -1.81173
       34.60859       -7.70626       -0.01168
       50.46781       -0.26483       -1.03692
       13.92347       -3.85159        1.12067
       28.24423       -8.73684       -0.08642
       38.29323       -7.52848       -0.09264
       -5.24834       -9.88463       -2.23816
       42.31387       -7.98771       -0.50508
       -7.00000       -0.57544       -1.68502
       31.98368       -8.71598       -0.17730
       -6.23455       -6.54672       -1.87529
       27.91268      -10.19144       -0.27878
       -1.84501       -8.27200       -1.87387
       46.80389       -7.60643       -1.76690
        5.99014       -7.93084       -0.32242
       46.00688       -7.56277       -1.21803
        3.23349       -8.55958       -0.77519
       35.71165       -8.60847       -0.17549
       11.12773       -8.08004        0.01261
       55.55796      -14.26517       -2.98457
       23.31306       -3.82590        1.35148
       20.00054       -8.32928        0.01944
       14.83300       -8.45282       -0.03350
       25.08195       -8.05884       -0.04581
       31.67794      -10.19139       -0.32531
       28.79049       -8.10621       -0.16068
       32.50770       -8.07337       -0.25556
       36.21358       -7.95156       -0.27574
       20.03319       -1.18473        2.16879
       21.72052       -4.65638        1.38292
       44.76173       -8.19808       -0.95909
       43.65444       -4.02772        0.39940
       35.51382      -10.06203       -0.44817
       43.18620      -11.91350       -1.28696
       42.63634      -12.75079       -1.11680
       48.03059       -0.59924        0.14519
       -2.00370       -0.58145        0.19404
       -5.99898       -0.57119       -1.39870
       44.29434       -8.89685       -1.02357
       46.98369       -0.58310        0.42679
       -1.01058       -0.59022        0.71936
       25.58361       -1.51029        2.01761
       44.17783      -10.40612       -1.22861
        4.27338       -9.65480       -0.89451
       45.98010       -0.55596        0.25492
       -8.91362      -14.87352       -2.95675
       37.35497       -8.84617       -0.37439
       27.02050       -4.19553        1.64821
       50.77899       -8.36066       -2.13458
       -6.81326       -7.03349       -2.15009
       24.98040       -0.59716        2.46148
       25.97354       -0.54540        2.45701
       22.04988       -0.61098        2.53635
       16.99293       -0.58620        2.40643
       15.99293       -0.58620        2.42710
       30.98264       -0.56537        2.40035
       38.95078       -0.57862        2.16875
       37.96185       -0.55850        2.40613
       39.95909       -0.56761        2.37658
       10.96921       -0.56503        2.38344
       31.96778       -0.59750        2.52238
       36.98500       -0.50369        2.16310
        9.96738       -0.55449        2.30468
       33.02292       -0.64925        2.55684
       36.01044       -0.53344        2.37500
       34.03575       -0.57828        2.62890
       35.00090       -0.53017        2.34060
       13.98378       -0.55232        2.41919
       14.99827       -0.56247        2.38743
       35.93912       -2.99575        1.15916
       44.66984       -9.67161       -1.19715
       36.02617       -9.40725       -0.39978
       32.26218       -9.49643       -0.44900
       28.50126       -9.50615       -0.41166
        2.78269       -9.99170       -1.22810
       14.46124       -9.87907       -0.43606
        2.31607      -11.48077       -1.64868
       17.53591      -14.89501       -1.19118
        6.76588       -8.17701       -0.40363
       20.63374       -5.58599        0.95368
       11.91908       -8.31609        0.07025
       15.63971       -8.67267        0.15694
       20.50300       -0.28863        3.35458
       20.81253       -8.53683        0.19915
       53.98693       -7.76940       -2.19024
       16.96508      -10.53855       -0.50095
       33.19059       -2.24547        1.46282
       25.86843       -8.24695        0.11347
        4.60832      -11.52526       -1.40406
       42.96722       -3.95331        0.29628
       15.88059       -9.50100       -0.29922
       29.58718       -8.26448       -0.04833
       41.05505       -3.43076        0.55751
        0.00213       -0.58650        0.73416
       33.30469       -8.21682       -0.13125
       38.86437       -2.45606        1.73864
       53.92360       -9.25242       -2.30868
       -5.54472       -6.81171       -1.96442
       53.98587       -0.55823       -1.95900
       -8.00820       -0.56771       -1.94825
       43.46630       -8.82762       -0.83288
       37.01870       -8.06877       -0.12732
       22.04988       -1.20275        2.31132
        1.50062       -0.27690        3.09000
       26.09665       -9.05896       -0.29744
        8.89716       -5.40147        0.61213
       25.00979       -3.61704        1.34517
       13.45599       -8.79519       -0.21206
       -4.45002      -10.32846       -2.30337
        5.78744       -4.57297        0.49390
       20.01465       -0.60321        2.44937
       21.01411       -0.60271        2.38336
       45.57552       -8.24897       -1.34987
       23.24365      -12.60474       -0.54503
       -9.64747       -9.25963       -2.65559
        0.40463       -9.11005       -1.62276
       15.20169       -1.89986        1.61391
       27.44287       -8.57865       -0.21313
       31.18010       -8.57011       -0.27793
        2.00062       -0.56558        2.13947
       53.19572       -7.76591       -2.22861
       34.90077       -8.48219       -0.32268
       54.50000       -0.26778       -2.12350
       -8.50820       -0.27903       -2.07766
       38.01939       -1.92159        1.42720
       27.71788      -13.32870       -0.74311
       26.88674       -9.21793       -0.16520
       -0.12431      -10.48925       -2.04238
        5.07148       -0.59312        2.29472
       47.48031      -14.83709       -2.66703
        5.54182       -0.27040        3.21744
       -3.22907       -8.49976       -1.99079
       -4.98761       -0.55223       -1.06223
       -1.93962      -11.76316       -2.51140
        8.98804       -0.54506        2.32613
        7.97270       -0.59165        2.35917
       54.27683       -3.50666       -2.46013
        4.61411       -8.22894       -0.49982
       26.00793       -1.12891        2.35381
        9.74540       -8.41695       -0.13796
       11.96522       -0.58760        2.37945
       12.96086       -0.57826        2.36435
       50.43655       -3.67307       -1.32606
       -0.48270       -8.00446       -1.60513
       15.00709      -12.54425       -0.73666
        1.00606       -0.56938        2.03454
       44.14328      -11.96883       -1.42349
       40.19311       -2.73356        1.21584
       18.61113       -8.68380       -0.11970
       54.92929      -14.88930       -2.98339
        8.50000       -0.26773        3.11735
       23.70855       -8.47447       -0.11615
       53.17224       -9.12220       -2.36692
       26.30915       -4.03864        1.39387
       13.92365      -11.25717       -0.69897
       45.52179      -11.24858       -1.72141
        4.42208      -12.53369       -1.55592
       -9.42413       -0.24227       -2.43624
       55.42413       -0.24227       -2.43083
       35.84398      -10.87744       -0.60951
       -9.75747       -0.57463       -2.46808
       55.75747       -0.57463       -2.45433
       19.66379       -9.76111       -0.29793
       44.61003      -11.20599       -1.43220
       42.07809       -3.20631        0.76495
       22.36888      -13.08039       -0.65892
       39.33788       -9.84296       -0.62558
       36.69980      -11.02708       -0.59957
       49.96781       -0.46695       -1.02481
       44.99631       -0.49752        1.86964
       44.01482       -0.56061        2.68604
       43.14008      -13.54606       -1.55569
       12.47535       -0.29973        3.24092
       -4.48864       -0.26780       -0.90103
        4.01689       -8.80522       -0.93616
       -2.46385       -8.80268       -2.18854
       14.83497      -11.59128       -0.58282
       12.78783       -4.11845        0.97261
       -1.08597       -8.54046       -2.06817
       14.20729      -13.15294       -0.85123
        5.39000       -8.46466       -0.63678
        6.15828       -0.97892        1.98199
       10.56120       -8.67346       -0.08220
       23.82468       -6.38405        0.78468
        1.94679      -12.91758       -2.20922
       46.40416      -13.41314       -2.27810
       19.43586       -8.91638        0.10715
       52.35556      -14.28137       -2.88614
       11.69131       -5.32423        0.68373
       24.50516       -8.68867        0.06821
       16.99293       -1.16831        2.37226
        0.27548       -8.28573       -1.70354
       -0.48563       -1.52023       -0.11786
       40.85600      -10.04090       -0.80318
       31.36452       -1.53488        1.85198
       54.56550       -1.30086       -2.17467
       13.43543       -4.31834        0.99018
       -7.52120       -6.05899       -2.16074
       34.02248      -12.77985       -0.79849
       15.45170       -1.40946        1.80428
       46.16079       -1.93410       -0.13165
       -4.96273       -1.11999       -1.01049
       33.02292       -1.22900        2.29065
       29.06600       -0.58895        2.43083
       30.03386       -0.54697        2.51518
       50.94754       -0.55867       -1.11238
       41.63923      -12.60187       -1.05581
       13.04310      -10.06694       -0.75334
       54.26248      -10.05749       -2.54628
       39.37305       -2.02951        1.62557
       30.86418      -10.04510       -0.42195
       27.09953      -10.06140       -0.36546
       23.20543       -0.91479        2.18668
       23.81373       -0.92638        2.20876
       -7.99335       -7.30340       -2.42991
       50.23127       -8.57734       -2.74318
       22.88874       -4.32805        1.42076
       22.60188       -2.01898        1.54858
       41.83718       -8.65740       -0.55523
       25.74136       -2.13506        1.71801
       34.68870       -9.90007       -0.51050
       45.63284      -12.79804       -1.89858
        7.03005      -10.42504       -0.90325
       44.51227       -0.22987        3.08589
       41.03106       -8.55773       -0.52548
       22.18934       -4.17089        1.29630
       43.00927       -0.56761        2.22448
       23.95411       -3.92054        1.28382
        6.26574       -4.36340        0.42116
       38.08747      -12.85153       -0.97016
       17.25183       -9.07235       -0.24099
       -2.98746       -0.54909       -0.29991
       42.14564       -9.44194       -0.77869
       42.03245       -0.55390        2.27181
       38.63382       -8.27896       -0.37292
       33.58907       -8.97969       -0.42097
       47.22416       -8.33131       -1.76620
       -7.76759       -2.27466       -1.70567
       29.84588       -9.04409       -0.35506
       41.34631      -11.66218       -1.06602
        3.82229      -11.09807       -1.37824
       -8.15399      -13.34408       -2.99533
       31.83234       -3.27664        1.16409
       35.42541       -3.11996        1.29795
        6.97270       -0.53503        2.31982
       49.04297       -0.50656       -0.74185
       34.39018       -9.11901       -0.32308
       53.83133      -10.92024       -2.38295
       14.13191       -2.18682        1.54994
       52.34979       -1.47223       -1.60593
       24.37513       -3.44232        1.22074
       30.64485       -9.20427       -0.27073
       10.70404       -4.55413        0.88928
       23.03877       -0.48149        2.49879
       23.98040       -0.49308        2.46126
       39.43813       -8.36847       -0.30513
        1.60209       -1.97727        1.36732
        0.84701      -11.72152       -2.08916
       48.03496       -8.35862       -2.14600
        2.21125      -14.83620       -2.38738
       50.92175       -7.65310       -2.36496
       17.57897       -1.90032        1.52274
       40.99288       -1.10043        1.93789
       22.50124      -10.17710       -0.34876
       41.81653       -2.59899        1.55453
       33.07059       -9.61668       -0.39353
       29.30622       -9.65512       -0.36799
       46.81934       -9.03908       -1.85656
       23.28667       -9.82380       -0.46328
        6.84060       -5.39737        0.39568
       54.06020       -5.19453       -2.03571
        1.02594       -1.15376        2.09152
       11.41951      -12.69534       -0.98253
        5.26849       -4.23836        0.65541
       38.17515       -8.94912       -0.31146
       51.08010       -3.66261       -1.45302
        9.14022       -8.95830       -0.27888
       -4.71374       -7.83940       -2.09192
       16.69476       -9.69289       -0.17748
       30.94151       -1.15595        2.46273
       54.00241       -1.10036       -1.98556
       10.70159       -2.86595        1.31756
       29.53142       -0.27832        3.29374
       17.96786      -11.63375       -0.81655
       37.91821      -11.97127       -0.77996
       39.94118       -1.12055        2.00029
       -1.00898       -1.21430        0.87185
       37.15992      -13.27942       -1.03271
       39.63583      -10.60318       -1.00372
       -6.67928       -8.95521       -2.34515
       48.40648       -1.52482       -0.38570
       18.05095       -9.26908       -0.07880
       23.15827       -9.01977       -0.20432
        9.37989       -1.89083        1.47021
       18.68884      -11.86167       -0.70388
       -4.42150       -1.36614       -0.92325
       52.90612       -5.85200       -2.02186
       54.02100      -14.33151       -3.01214
       51.90424       -1.13216       -1.57156
       49.85400       -0.94836       -0.97036
       11.36546       -1.43167        1.75086
       21.60172       -2.23267        1.78404
       36.85629       -2.19824        1.66806
        8.32262       -8.67011       -0.38913
       34.43449      -11.33698       -0.66999
       -3.97967       -0.53164       -0.75306
       -7.98303      -14.27774       -2.94425
        6.04182       -0.48151        2.11568
       -3.74060       -9.84869       -2.14356
       -3.86603       -8.98327       -2.21870
       40.36711      -10.70333       -0.94857
       -8.70819       -4.28215       -2.19939
       48.10094       -2.06522       -0.54105
       20.55903       -4.90233        1.23538
       29.85852       -1.87514        1.59136
       52.06871       -4.18887       -1.82544
       39.76980       -9.14212       -0.54009
       54.23838      -11.76638       -2.81723
       52.10933       -2.01501       -1.64481
       18.84779      -12.78994       -1.01364
       47.19199      -12.90248       -2.32373
       42.20444       -1.09045        1.86554
       54.21084      -13.40906       -3.09387
       19.26205      -11.22163       -0.66184
       17.75296      -10.73424       -0.46904
       42.50672       -0.23687        3.19522
       54.68332       -3.15553       -2.32227
       -6.77508      -11.52959       -2.68668
       25.71693      -11.22884       -0.86264
       51.43213       -4.19654       -1.74788
       -3.34415       -1.82026       -0.74148
       10.90917       -3.47638        1.12361
       22.99846       -1.30845        1.86551
       30.07265       -1.05469        2.13677
       -1.43987       -9.94787       -2.39027
       53.37852       -4.15626       -1.95981
       45.98017      -11.97595       -2.05376
       -8.30145       -4.80608       -2.16103
       22.39421       -8.82105       -0.34996
       -8.17779      -11.70917       -2.76057
       11.04968       -1.89051        1.39339
       12.16103       -9.05435       -0.48456
        7.15880       -3.84374        0.62027
       21.37719       -3.39720        1.22219
       51.79088      -12.07675       -3.01240
        1.98634       -1.10733        1.75760
       -9.48291       -1.07913       -2.66001
       55.47310       -1.06558       -2.68342
       18.39368      -14.35699       -1.53785
       -3.49103       -0.26384       -0.47090
       13.99783       -1.09825        2.18849
       -2.99448       -1.04983       -0.41075
       33.81386      -11.92019       -0.75193
       -1.97183       -2.65570       -0.66373
        7.78514       -9.96610       -0.74691
       -9.08458      -13.31573       -2.94713
       20.13749      -12.45105       -0.91462
        8.48834       -4.13546        0.97450
       18.34468      -13.43033       -1.30352
       -3.93741       -1.06222       -0.73811
       -1.87527      -12.76091       -2.72469
       43.74100      -14.96193       -2.09345
       52.63003       -9.63256       -2.52335
       53.02318       -4.71655       -1.95113
       21.20413       -2.73941        1.57307
       52.62933      -11.91976       -2.72273
        3.12408      -11.72450       -1.84570
       19.06986      -10.34477       -0.31771
       10.44426       -3.92976        0.96994
       47.98629       -1.14658        0.07778
       -5.43512       -7.54086       -1.98869
       41.68658       -3.62058        0.81590
        7.67643       -9.17249       -0.53375
       35.29848      -11.52980       -0.64046
       55.11913      -13.34273       -2.91417
       -1.87392       -3.35245       -0.80137
        6.50000       -0.21111        2.96217
       11.55243       -3.67938        0.92377
       -2.29935       -3.85462       -1.39412
       18.28175      -10.08531       -0.44148
       19.52588      -13.04744       -1.02334
       40.55664       -9.23990       -0.53250
        5.02866       -9.76724       -1.24132
       49.50000       -0.20211       -0.87640
        1.73057      -12.02469       -2.31796
        1.50622       -1.40303        1.30701
       -6.67515       -7.71078       -2.26788
       12.91913       -9.29016       -0.39270
       46.43205       -1.41579       -0.45010
       53.33088       -5.24892       -1.98137
       22.49846       -1.46692        1.79129
       49.27860       -8.95955       -2.61807
       -5.98685       -7.95316       -2.44348
       -0.92311       -9.30093       -2.16316
       37.01068      -11.80052       -0.92972
        6.51914       -3.78673        0.75501
       11.35324       -4.68842        0.61251
       17.91579       -1.20879        1.79833
       53.89065       -3.07033       -2.38919
        6.89612       -8.91769       -0.64145
       51.69406       -7.63736       -2.29298
       23.50000       -0.18459        3.08195
       28.21465      -10.84756       -0.74357
       46.85317      -12.04558       -2.41226
       31.96615      -10.90279       -0.67876
       14.50642       -1.31484        1.73430
       -0.19069       -9.58925       -2.26397
       29.67292       -1.36194        1.88169
       37.91794       -1.06961        1.97605
       -7.39765       -6.80726       -2.31377
       38.32569       -1.42389        1.65556
       51.57900      -12.94820       -2.94796
       41.34382       -1.50462        1.33350
       27.86558      -11.57126       -0.69420
       39.24499      -11.36535       -0.97409
        4.78078       -4.70964        0.20449
       11.73671       -4.26705        0.63392
       45.98010       -1.06388       -0.05257
       31.60593      -11.63054       -0.78689
        7.27505       -4.41290        0.54237
       21.11028       -4.48521        0.88063
       -5.93836       -8.67328       -2.34567
       17.39547      -12.35803       -0.81238
       20.82969      -12.92843       -0.89362
       20.97372       -3.87389        1.05020
       10.95074       -1.06673        2.14855
       52.09558       -8.25560       -2.57931
       54.92413       -0.51005       -2.51014
       -8.93233       -0.52130       -2.52751
       25.82566      -10.48498       -0.82166
        9.00761       -1.05169        2.18924
       14.59147       -1.82012        1.62550
       49.56099       -8.31673       -2.78655
       30.25016      -10.56895       -0.62271
       52.37743       -4.73013       -1.94462
       54.97310       -1.00100       -2.51880
       -8.99111       -1.02580       -2.50117
       52.81965       -8.36778       -2.39480
       34.15488      -10.52266       -0.51323
        6.27844       -9.36025       -0.99713
       14.99237       -1.05758        2.14034
       17.41579       -1.38897        1.53493
       40.56519      -11.48847       -1.16383
       -3.45579       -1.29515       -0.86128
       40.03244       -2.18794        1.63469
       12.33694       -4.49982        0.67461
       41.02694       -1.97092        1.41792
        6.30366      -10.07398       -1.12154
       32.81768      -10.96973       -0.76749
        6.75829       -4.75587        0.33469
        5.54805       -9.15338       -1.00915
       33.33787      -10.37860       -0.59581
       26.58567      -10.57866       -0.80038
       52.36999      -13.38935       -2.97898
       29.49116      -10.33915       -0.79274
       17.61333      -13.22635       -1.15099
        8.60239       -1.37826        1.64839
       33.01405      -11.69700       -0.94917
       28.98818      -10.84631       -1.01119
        9.44882       -1.34080        1.59100
       29.26593      -11.48128       -1.04280
       30.50010       -1.36695        1.75077
       30.38135       -1.88983        1.54095
