    P+   P-        C+   C-  Normalised_Error  Observed_Rho  Calculated_Rho  Observed_Phase  Calculated_Phase  Original_Weight   Final_Weight   C
    1    2         4    3        0.03668        253.627        253.441           -9.991          -10.021         0.14142E+00    0.14142E+00    0
    2    3         5    4        0.06285        242.865        242.564           -9.990          -10.220         0.14142E+00    0.14142E+00    0
    3    4         6    5        0.06343        237.421        237.128           -9.989          -10.276         0.14142E+00    0.14142E+00    0
    4    5         7    6        0.03772        238.066        237.898           -9.989          -10.254         0.14142E+00    0.14142E+00    0
    5    6         8    7        0.02388        239.008        238.900           -9.988          -10.147         0.14142E+00    0.14142E+00    0
    6    7         9    8        0.03189        243.935        243.779           -9.988          -10.009         0.14142E+00    0.14142E+00    0
    7    8        10    9        0.03900        239.210        239.027           -9.988           -9.845         0.14142E+00    0.14142E+00    0
    8    9        11   10        0.07085        242.422        242.087           -9.988           -9.691         0.14142E+00    0.14142E+00    0
    9   10        12   11        0.14347        264.453        263.704           -9.989           -9.578         0.14142E+00    0.14142E+00    0
   10   11        13   12        0.15119        247.941        247.203           -9.986           -9.498         0.14142E+00    0.14142E+00    0
   11   12        14   13        0.14084        235.008        234.361           -9.983           -9.442         0.14142E+00    0.14142E+00    0
   12   13        15   14        0.09570        247.938        247.490           -9.984           -9.374         0.14142E+00    0.14142E+00    0
   13   14        16   15        0.08662        253.064        252.659           -9.987           -9.344         0.14142E+00    0.14142E+00    0
   14   15        17   16        0.07267        245.808        245.487           -9.984           -9.359         0.14142E+00    0.14142E+00    0
   15   16        18   17        0.06264        243.215        242.943           -9.979           -9.432         0.14142E+00    0.14142E+00    0
   16   17        19   18        0.08192        256.403        255.999           -9.985           -9.551         0.14142E+00    0.14142E+00    0
   17   18        20   19        0.06659        242.851        242.533           -9.985           -9.763         0.14142E+00    0.14142E+00    0
   18   19        21   20        0.12695        240.514        239.905           -9.979          -10.060         0.14142E+00    0.14142E+00    0
   19   20        22   21        0.10159        250.157        249.661           -9.987          -10.426         0.14142E+00    0.14142E+00    0
   20   21        23   22        0.05309        247.347        247.189           -9.981          -10.837         0.14142E+00    0.14142E+00    0
   21   22        24   23        0.18634        244.758        243.880           -9.998          -11.031         0.14142E+00    0.14142E+00    0
    1    2         5    4        0.05141        250.408        250.154           -9.969          -10.159         0.14142E+00    0.14142E+00    0
    2    3         6    5        0.14443        251.673        250.950           -9.969          -10.265         0.14142E+00    0.14142E+00    0
    3    4         7    6        0.13557        247.298        246.632           -9.968          -10.272         0.14142E+00    0.14142E+00    0
    4    5         8    7        0.10180        247.539        247.037           -9.967          -10.178         0.14142E+00    0.14142E+00    0
    5    6         9    8        0.11448        250.915        250.341           -9.969          -10.051         0.14142E+00    0.14142E+00    0
    6    7        10    9        0.12643        247.877        247.251           -9.969           -9.916         0.14142E+00    0.14142E+00    0
    7    8        11   10        0.15032        249.967        249.218           -9.972           -9.782         0.14142E+00    0.14142E+00    0
    8    9        12   11        0.19144        252.078        251.118           -9.973           -9.693         0.14142E+00    0.14142E+00    0
    9   10        13   12        0.21681        257.038        255.930           -9.969           -9.612         0.14142E+00    0.14142E+00    0
   10   11        14   13        0.11515        251.314        250.747           -9.961           -9.548         0.14142E+00    0.14142E+00    0
   11   12        15   14        0.05002        251.018        250.795           -9.962           -9.514         0.14142E+00    0.14142E+00    0
   12   13        16   15        0.03057        258.014        257.911           -9.973           -9.512         0.14142E+00    0.14142E+00    0
   13   14        17   16        0.03303        251.720        251.843           -9.980           -9.528         0.14142E+00    0.14142E+00    0
   14   15        18   17        0.08602        252.629        253.052           -9.972           -9.561         0.14142E+00    0.14142E+00    0
   15   16        19   18        0.09683        251.026        251.507           -9.983           -9.663         0.14142E+00    0.14142E+00    0
   16   17        20   19        0.09495        248.604        249.075          -10.006           -9.832         0.14142E+00    0.14142E+00    0
   17   18        21   20        0.08652        248.785        249.216          -10.005          -10.069         0.14142E+00    0.14142E+00    0
   18   19        22   21        0.08700        242.431        242.841          -10.020          -10.418         0.14142E+00    0.14142E+00    0
   19   20        23   22        0.17103        235.866        236.652          -10.038          -10.795         0.14142E+00    0.14142E+00    0
   20   21        24   23        0.16561        234.772        234.025          -10.065          -10.999         0.14142E+00    0.14142E+00    0
    1    2         6    5        0.05760        255.769        255.483           -9.947          -10.227         0.14142E+00    0.14142E+00    0
    2    3         7    6        0.08557        253.847        253.422           -9.948          -10.311         0.14142E+00    0.14142E+00    0
    3    4         8    7        0.04156        251.697        251.503           -9.950          -10.268         0.14142E+00    0.14142E+00    0
    4    5         9    8        0.02520        254.193        254.310           -9.953          -10.161         0.14142E+00    0.14142E+00    0
    5    6        10    9        0.00383        251.822        251.830           -9.960          -10.030         0.14142E+00    0.14142E+00    0
    6    7        11   10        0.01051        252.079        252.130           -9.967           -9.918         0.14142E+00    0.14142E+00    0
    7    8        12   11        0.02849        252.111        251.972           -9.974           -9.847         0.14142E+00    0.14142E+00    0
    8    9        13   12        0.05604        252.712        252.433           -9.971           -9.788         0.14142E+00    0.14142E+00    0
    9   10        14   13        0.01357        254.602        254.573           -9.959           -9.715         0.14142E+00    0.14142E+00    0
   10   11        15   14        0.12609        251.729        252.361           -9.957           -9.673         0.14142E+00    0.14142E+00    0
   11   12        16   15        0.18861        252.427        253.380           -9.974           -9.713         0.14142E+00    0.14142E+00    0
   12   13        17   16        0.14532        245.499        246.212          -10.003           -9.765         0.14142E+00    0.14142E+00    0
   13   14        18   17        0.13217        244.169        244.814          -10.010           -9.800         0.14142E+00    0.14142E+00    0
   14   15        19   18        0.17529        242.043        242.892          -10.026           -9.869         0.14142E+00    0.14142E+00    0
   15   16        20   19        0.12744        231.761        232.353          -10.071          -10.035         0.14142E+00    0.14142E+00    0
   16   17        21   20        0.05411        227.180        227.424          -10.104          -10.242         0.14142E+00    0.14142E+00    0
   17   18        22   21        0.02625        218.746        218.669          -10.138          -10.532         0.14142E+00    0.14142E+00    0
   18   19        23   22        0.14393        203.839        203.270          -10.186          -10.889         0.14142E+00    0.14142E+00    0
   19   20        24   23        0.57286        196.788        194.550          -10.244          -11.031         0.14142E+00    0.14142E+00    0
    1    2         7    6        0.10596        256.690        256.153           -9.941          -10.287         0.14142E+00    0.14142E+00    0
    2    3         8    7        0.08656        255.444        255.012           -9.948          -10.337         0.14142E+00    0.14142E+00    0
    3    4         9    8        0.03630        254.061        253.898           -9.959          -10.299         0.14142E+00    0.14142E+00    0
    4    5        10    9        0.02251        252.240        252.338           -9.972          -10.198         0.14142E+00    0.14142E+00    0
    5    6        11   10        0.00793        250.126        250.157           -9.990          -10.088         0.14142E+00    0.14142E+00    0
    6    7        12   11        0.05481        247.899        247.628          -10.006          -10.039         0.14142E+00    0.14142E+00    0
    7    8        13   12        0.09064        246.745        246.299          -10.009           -9.991         0.14142E+00    0.14142E+00    0
    8    9        14   13        0.07283        245.556        245.199           -9.999           -9.936         0.14142E+00    0.14142E+00    0
    9   10        15   14        0.05884        244.687        244.974           -9.992           -9.882         0.14142E+00    0.14142E+00    0
   10   11        16   15        0.15495        241.275        242.024          -10.009           -9.913         0.14142E+00    0.14142E+00    0
   11   12        17   16        0.19679        230.207        231.115          -10.054          -10.011         0.14142E+00    0.14142E+00    0
   12   13        18   17        0.16210        225.473        226.206          -10.087          -10.081         0.14142E+00    0.14142E+00    0
   13   14        19   18        0.14975        218.283        218.938          -10.127          -10.159         0.14142E+00    0.14142E+00    0
   14   15        20   19        0.17316        208.873        209.597          -10.184          -10.295         0.14142E+00    0.14142E+00    0
   15   16        21   20        0.10178        195.074        195.468          -10.252          -10.512         0.14142E+00    0.14142E+00    0
   16   17        22   21        0.03672        182.855        182.746          -10.338          -10.773         0.14142E+00    0.14142E+00    0
   17   18        23   22        0.11867        166.868        166.486          -10.425          -11.070         0.14142E+00    0.14142E+00    0
   18   19        24   23        0.52337        154.013        152.411          -10.527          -11.179         0.14142E+00    0.14142E+00    0
    1    2         8    7        0.22471        255.720        254.576           -9.973          -10.318         0.14142E+00    0.14142E+00    0
    2    3         9    8        0.20368        253.810        252.782           -9.993          -10.387         0.14142E+00    0.14142E+00    0
    3    4        10    9        0.14629        248.116        247.396          -10.021          -10.370         0.14142E+00    0.14142E+00    0
    4    5        11   10        0.09610        245.214        244.747          -10.050          -10.297         0.14142E+00    0.14142E+00    0
    5    6        12   11        0.15853        239.464        238.706          -10.082          -10.254         0.14142E+00    0.14142E+00    0
    6    7        13   12        0.21100        235.762        234.769          -10.094          -10.224         0.14142E+00    0.14142E+00    0
    7    8        14   13        0.18126        232.215        231.375          -10.089          -10.174         0.14142E+00    0.14142E+00    0
    8    9        15   14        0.04965        227.702        227.476          -10.085          -10.138         0.14142E+00    0.14142E+00    0
    9   10        16   15        0.09422        224.613        225.036          -10.097          -10.156         0.14142E+00    0.14142E+00    0
   10   11        17   16        0.26185        210.526        211.631          -10.150          -10.243         0.14142E+00    0.14142E+00    0
   11   12        18   17        0.38825        201.368        202.937          -10.201          -10.359         0.14142E+00    0.14142E+00    0
   12   13        19   18        0.44217        190.527        192.218          -10.274          -10.478         0.14142E+00    0.14142E+00    0
   13   14        20   19        0.45889        177.545        179.181          -10.364          -10.628         0.14142E+00    0.14142E+00    0
   14   15        21   20        0.41144        165.060        166.427          -10.450          -10.818         0.14142E+00    0.14170E+00    1
   15   16        22   21        0.26629        147.197        147.978          -10.593          -11.096         0.14142E+00    0.14142E+00    0
   16   17        23   22        0.16826        130.710        131.143          -10.758          -11.367         0.14142E+00    0.14142E+00    0
   17   18        24   23        0.17590        117.988        117.578          -10.914          -11.409         0.14142E+00    0.14142E+00    0
    1    2         9    8        0.34810        250.081        248.347          -10.060          -10.373         0.14142E+00    0.14142E+00    0
    2    3        10    9        0.31938        243.603        242.054          -10.103          -10.471         0.14142E+00    0.14142E+00    0
    3    4        11   10        0.27260        236.236        234.953          -10.154          -10.495         0.14142E+00    0.14142E+00    0
    4    5        12   11        0.28142        229.365        228.078          -10.202          -10.497         0.14142E+00    0.14142E+00    0
    5    6        13   12        0.29255        221.836        220.542          -10.233          -10.475         0.14142E+00    0.14142E+00    0
    6    7        14   13        0.25214        215.665        214.580          -10.237          -10.441         0.14142E+00    0.14142E+00    0
    7    8        15   14        0.06444        208.424        208.158          -10.240          -10.410         0.14142E+00    0.14142E+00    0
    8    9        16   15        0.21170        201.540        202.394          -10.257          -10.444         0.14142E+00    0.14142E+00    0
    9   10        17   16        0.45649        188.749        190.479          -10.311          -10.518         0.14142E+00    0.14142E+00    0
   10   11        18   17        0.67172        176.845        179.489          -10.371          -10.621         0.14142E+00    0.14866E+00    1
   11   12        19   18        0.81247        163.127        166.319          -10.470          -10.788         0.14142E+00    0.15445E+00    1
   12   13        20   19        0.88725        148.413        151.658          -10.602          -10.985         0.14142E+00    0.15617E+00    1
   13   14        21   20        0.84307        133.969        136.765          -10.732          -11.194         0.14142E+00    0.15656E+00    1
   14   15        22   21        0.76998        119.140        121.086          -10.910          -11.449         0.14142E+00    0.14513E+00    1
   15   16        23   22        0.64127        100.999        102.301          -11.170          -11.743         0.14142E+00    0.14142E+00    0
   16   17        24   23        0.36708         88.809         89.462          -11.424          -11.754         0.14142E+00    0.14142E+00    0
    1    2        10    9        0.36193        236.155        234.452          -10.221          -10.461         0.14142E+00    0.14142E+00    0
    2    3        11   10        0.34529        227.634        226.000          -10.292          -10.608         0.14142E+00    0.14445E+00    1
    3    4        12   11        0.35148        216.624        215.037          -10.370          -10.718         0.14142E+00    0.14466E+00    1
    4    5        13   12        0.34996        208.189        206.738          -10.420          -10.746         0.14142E+00    0.14142E+00    0
    5    6        14   13        0.22812        198.509        197.607          -10.449          -10.723         0.14142E+00    0.14142E+00    0
    6    7        15   14        0.03502        188.842        188.965          -10.465          -10.710         0.14142E+00    0.14142E+00    0
    7    8        16   15        0.37714        179.694        181.053          -10.492          -10.747         0.14142E+00    0.14142E+00    0
    8    9        17   16        0.81384        165.017        167.724          -10.562          -10.839         0.14142E+00    0.14142E+00    0
    9   10        18   17        1.03993        154.054        157.817          -10.622          -10.927         0.14142E+00    0.15235E+00    1
   10   11        19   18        1.23390        138.981        143.618          -10.741          -11.085         0.14142E+00    0.16310E+00    1
   11   12        20   19        1.39144        123.337        128.242          -10.911          -11.333         0.14142E+00    0.16744E+00    1
   12   13        21   20        1.40064        108.681        113.005          -11.095          -11.593         0.14142E+00    0.16692E+00    1
   13   14        22   21        1.32286         94.151         97.232          -11.347          -11.872         0.14142E+00    0.15607E+00    1
   14   15        23   22        1.26242         79.957         82.000          -11.669          -12.143         0.14142E+00    0.14142E+00    0
   15   16        24   23        0.91450         67.448         68.693          -12.049          -12.174         0.14142E+00    0.14142E+00    0
    1    2        11   10        0.32211        217.575        216.125          -10.464          -10.602         0.14142E+00    0.14405E+00    1
    2    3        12   11        0.33301        205.670        204.066          -10.569          -10.842         0.14142E+00    0.15337E+00    1
    3    4        13   12        0.32585        193.819        192.382          -10.657          -10.986         0.14142E+00    0.15114E+00    1
    4    5        14   13        0.16778        183.449        182.837          -10.710          -11.020         0.14142E+00    0.14142E+00    0
    5    6        15   14        0.18254        171.134        171.758          -10.761          -11.023         0.14142E+00    0.14142E+00    0
    6    7        16   15        0.62613        160.188        162.206          -10.808          -11.080         0.14142E+00    0.14142E+00    0
    7    8        17   16        1.22127        144.756        148.335          -10.903          -11.177         0.14142E+00    0.14142E+00    0
    8    9        18   17        1.51712        132.415        137.335          -10.984          -11.283         0.14142E+00    0.15509E+00    1
    9   10        19   18        1.58123        118.904        124.722          -11.113          -11.428         0.14142E+00    0.17382E+00    1
   10   11        20   19        1.64904        103.483        109.555          -11.317          -11.669         0.14142E+00    0.18596E+00    1
   11   12        21   20        1.66764         89.126         94.566          -11.559          -11.984         0.14142E+00    0.18850E+00    1
   12   13        22   21        1.64835         75.727         79.672          -11.898          -12.318         0.14142E+00    0.17555E+00    1
   13   14        23   22        1.68658         62.975         65.579          -12.328          -12.615         0.14142E+00    0.15499E+00    1
   14   15        24   23        1.42044         53.427         55.029          -12.778          -12.608         0.14142E+00    0.14419E+00    1
    1    2        12   11        0.23540        194.321        193.251          -10.798          -10.841         0.14142E+00    0.15321E+00    1
    2    3        13   12        0.21914        181.882        180.872          -10.917          -11.119         0.14142E+00    0.15943E+00    1
    3    4        14   13        0.06896        169.098        168.832          -11.018          -11.276         0.14142E+00    0.15191E+00    1
    4    5        15   14        0.33347        156.773        157.821          -11.103          -11.344         0.14142E+00    0.14142E+00    0
    5    6        16   15        0.86353        144.095        146.605          -11.197          -11.423         0.14142E+00    0.14142E+00    0
    6    7        17   16        1.48932        128.444        132.558          -11.332          -11.544         0.14142E+00    0.14551E+00    1
    7    8        18   17        1.83595        115.553        121.186          -11.445          -11.656         0.14142E+00    0.16102E+00    1
    8    9        19   18        1.89923        101.850        108.439          -11.613          -11.822         0.14142E+00    0.18167E+00    1
    9   10        20   19        1.94434         88.276         95.218          -11.839          -12.052         0.14142E+00    0.19733E+00    1
   10   11        21   20        1.92471         74.803         80.974          -12.139          -12.363         0.14142E+00    0.20294E+00    1
   11   12        22   21        1.89914         62.541         67.050          -12.571          -12.752         0.14142E+00    0.19146E+00    1
   12   13        23   22        1.92072         51.477         54.316          -13.116          -13.098         0.14142E+00    0.16718E+00    1
   13   14        24   23        1.58106         43.060         44.735          -13.681          -13.096         0.14142E+00    0.15536E+00    1
    1    2        13   12        0.10468        170.636        170.178          -11.201          -11.120         0.14142E+00    0.16027E+00    1
    2    3        14   13        0.00746        157.908        157.936          -11.339          -11.415         0.14142E+00    0.16188E+00    1
    3    4        15   14        0.43430        143.934        145.368          -11.484          -11.615         0.14142E+00    0.15112E+00    1
    4    5        16   15        1.05007        131.807        134.604          -11.621          -11.764         0.14142E+00    0.14142E+00    0
    5    6        17   16        1.58524        116.006        120.303          -11.825          -11.914         0.14142E+00    0.15148E+00    1
    6    7        18   17        1.96427        103.103        108.920          -11.988          -12.053         0.14142E+00    0.16716E+00    1
    7    8        19   18        2.27948         89.614         96.480          -12.207          -12.228         0.14142E+00    0.17996E+00    1
    8    9        20   19        2.31541         76.427         83.819          -12.491          -12.482         0.14142E+00    0.19969E+00    1
    9   10        21   20        2.23923         64.728         71.368          -12.829          -12.782         0.14142E+00    0.20883E+00    1
   10   11        22   21        2.17386         53.692         58.516          -13.346          -13.162         0.14142E+00    0.19894E+00    1
   11   12        23   22        2.08079         43.935         46.870          -13.999          -13.549         0.14142E+00    0.17627E+00    1
   12   13        24   23        1.61450         36.596         38.189          -14.662          -13.568         0.14142E+00    0.16245E+00    1
    1    3         7    5        0.09034        253.323        252.871           -9.957          -10.269         0.14142E+00    0.14142E+00    0
    2    4         8    6        0.10356        250.314        249.802           -9.958          -10.285         0.14142E+00    0.14142E+00    0
    3    5         9    7        0.06074        250.369        250.071           -9.960          -10.205         0.14142E+00    0.14142E+00    0
    4    6        10    8        0.05486        251.907        251.632           -9.964          -10.084         0.14142E+00    0.14142E+00    0
    5    7        11    9        0.07007        249.783        249.433           -9.969           -9.956         0.14142E+00    0.14142E+00    0
    6    8        12   10        0.08786        250.631        250.192           -9.974           -9.848         0.14142E+00    0.14142E+00    0
    7    9        13   11        0.11803        251.661        251.070           -9.976           -9.772         0.14142E+00    0.14142E+00    0
    8   10        14   12        0.12428        254.514        253.886           -9.970           -9.699         0.14142E+00    0.14142E+00    0
    9   11        15   13        0.03413        251.408        251.257           -9.963           -9.639         0.14142E+00    0.14142E+00    0
   10   12        16   14        0.05915        250.463        250.748           -9.968           -9.625         0.14142E+00    0.14142E+00    0
   11   13        17   15        0.06113        251.689        251.985           -9.986           -9.647         0.14142E+00    0.14142E+00    0
   12   14        18   16        0.09396        246.290        246.747          -10.001           -9.680         0.14142E+00    0.14142E+00    0
   13   15        19   17        0.13130        245.319        245.961          -10.004           -9.722         0.14142E+00    0.14142E+00    0
   14   16        20   18        0.12671        241.152        241.762          -10.026           -9.830         0.14142E+00    0.14142E+00    0
   15   17        21   19        0.08264        235.650        236.040          -10.058          -10.007         0.14142E+00    0.14142E+00    0
   16   18        22   20        0.03780        231.930        232.101          -10.076          -10.246         0.14142E+00    0.14142E+00    0
   17   19        23   21        0.02559        222.413        222.457          -10.104          -10.575         0.14142E+00    0.14142E+00    0
   18   20        24   22        0.07692        213.420        213.131          -10.140          -10.884         0.14142E+00    0.14142E+00    0
    1    3         9    7        0.18317        254.377        253.451           -9.980          -10.349         0.14142E+00    0.14142E+00    0
    2    4        10    8        0.14288        251.177        250.465          -10.001          -10.359         0.14142E+00    0.14142E+00    0
    3    5        11    9        0.09327        247.446        246.989          -10.026          -10.300         0.14142E+00    0.14142E+00    0
    4    6        12   10        0.07360        243.505        243.149          -10.053          -10.228         0.14142E+00    0.14142E+00    0
    5    7        13   11        0.15068        239.501        238.780          -10.073          -10.187         0.14142E+00    0.14142E+00    0
    6    8        14   12        0.14231        236.393        235.721          -10.076          -10.143         0.14142E+00    0.14142E+00    0
    7    9        15   13        0.08298        233.083        232.697          -10.069          -10.096         0.14142E+00    0.14142E+00    0
    8   10        16   14        0.06977        230.013        230.334          -10.070          -10.072         0.14142E+00    0.14142E+00    0
    9   11        17   15        0.21095        222.888        223.831          -10.097          -10.114         0.14142E+00    0.14142E+00    0
   10   12        18   16        0.32747        211.456        212.846          -10.146          -10.213         0.14142E+00    0.14142E+00    0
   11   13        19   17        0.36488        203.076        204.563          -10.197          -10.311         0.14142E+00    0.14142E+00    0
   12   14        20   18        0.37898        192.666        194.132          -10.262          -10.422         0.14142E+00    0.14142E+00    0
   13   15        21   19        0.38188        180.986        182.373          -10.338          -10.576         0.14142E+00    0.14142E+00    0
   14   16        22   20        0.30921        166.320        167.349          -10.433          -10.796         0.14142E+00    0.14142E+00    0
   15   17        23   21        0.14630        151.077        151.512          -10.557          -11.056         0.14142E+00    0.14142E+00    0
   16   18        24   22        0.03764        136.291        136.225          -10.688          -11.266         0.14142E+00    0.14142E+00    0
    1    3        11    9        0.33077        233.640        232.100          -10.231          -10.521         0.14142E+00    0.14142E+00    0
    2    4        12   10        0.32089        224.387        222.932          -10.301          -10.627         0.14142E+00    0.14245E+00    1
    3    5        13   11        0.33558        215.383        213.943          -10.361          -10.680         0.14142E+00    0.14142E+00    0
    4    6        14   12        0.27705        206.652        205.511          -10.398          -10.677         0.14142E+00    0.14142E+00    0
    5    7        15   13        0.11667        197.762        197.303          -10.415          -10.654         0.14142E+00    0.14142E+00    0
    6    8        16   14        0.15622        188.887        189.476          -10.431          -10.653         0.14142E+00    0.14142E+00    0
    7    9        17   15        0.50371        178.244        180.048          -10.468          -10.705         0.14142E+00    0.14142E+00    0
    8   10        18   16        0.88264        165.445        168.427          -10.530          -10.789         0.14142E+00    0.14228E+00    1
    9   11        19   17        1.06105        152.709        156.661          -10.608          -10.903         0.14142E+00    0.15519E+00    1
   10   12        20   18        1.21372        137.924        142.387          -10.735          -11.089         0.14142E+00    0.16200E+00    1
   11   13        21   19        1.27244        123.098        127.364          -10.895          -11.320         0.14142E+00    0.16366E+00    1
   12   14        22   20        1.20399        108.787        112.180          -11.080          -11.563         0.14142E+00    0.15974E+00    1
   13   15        23   21        1.21507         94.500         96.849          -11.324          -11.822         0.14142E+00    0.14218E+00    1
   14   16        24   22        0.94160         80.065         81.587          -11.644          -12.022         0.14142E+00    0.14142E+00    0
    1    3        13   11        0.23693        190.755        189.660          -10.809          -10.951         0.14142E+00    0.15589E+00    1
    2    4        14   12        0.17694        178.378        177.620          -10.914          -11.155         0.14142E+00    0.15521E+00    1
    3    5        15   13        0.07903        166.294        166.565          -10.998          -11.252         0.14142E+00    0.14447E+00    1
    4    6        16   14        0.51631        153.929        155.526          -11.078          -11.310         0.14142E+00    0.14142E+00    0
    5    7        17   15        1.07317        140.569        143.618          -11.173          -11.396         0.14142E+00    0.14142E+00    0
    6    8        18   16        1.58566        126.160        130.762          -11.290          -11.508         0.14142E+00    0.15033E+00    1
    7    9        19   17        1.81760        113.125        118.987          -11.412          -11.633         0.14142E+00    0.16672E+00    1
    8   10        20   18        1.85206         99.608        106.185          -11.585          -11.812         0.14142E+00    0.18581E+00    1
    9   11        21   19        1.86447         85.817         92.208          -11.828          -12.069         0.14142E+00    0.19627E+00    1
   10   12        22   20        1.84207         72.778         78.046          -12.154          -12.400         0.14142E+00    0.19478E+00    1
   11   13        23   21        1.86230         60.866         64.501          -12.591          -12.749         0.14142E+00    0.17651E+00    1
   12   14        24   22        1.71862         50.559         52.815          -13.109          -12.959         0.14142E+00    0.15940E+00    1
    1    3        15   13        0.22359        143.425        144.288          -11.695          -11.551         0.14142E+00    0.16382E+00    1
    2    4        16   14        0.63309        130.282        132.348          -11.882          -11.845         0.14142E+00    0.15761E+00    1
    3    5        17   15        1.36315        117.037        120.453          -12.091          -12.079         0.14142E+00    0.14527E+00    1
    4    6        18   16        1.76312        103.164        108.001          -12.334          -12.271         0.14142E+00    0.16120E+00    1
    5    7        19   17        2.10611         90.473         96.510          -12.569          -12.447         0.14142E+00    0.17513E+00    1
    6    8        20   18        2.43936         77.683         84.605          -12.856          -12.666         0.14142E+00    0.18706E+00    1
    7    9        21   19        2.67886         65.656         72.698          -13.207          -12.944         0.14142E+00    0.19502E+00    1
    8   10        22   20        2.51806         55.184         61.093          -13.650          -13.268         0.14142E+00    0.20099E+00    1
    9   11        23   21        2.39718         45.761         49.797          -14.255          -13.621         0.14142E+00    0.18775E+00    1
   10   12        24   22        1.91774         37.751         40.026          -14.967          -13.855         0.14142E+00    0.17470E+00    1
    1    3        17   15        0.97175        102.628        105.701          -12.987          -12.370         0.14142E+00    0.17422E+00    1
    2    4        18   16        1.39805         90.654         94.873          -13.350          -12.806         0.14142E+00    0.18036E+00    1
    3    5        19   17        1.69610         79.984         85.157          -13.707          -13.147         0.14142E+00    0.19223E+00    1
    4    6        20   18        2.05193         69.143         75.046          -14.117          -13.460         0.14142E+00    0.19981E+00    1
    5    7        21   19        2.52449         58.710         64.909          -14.574          -13.788         0.14142E+00    0.19939E+00    1
    6    8        22   20        2.63217         49.577         54.917          -15.106          -14.129         0.14142E+00    0.19713E+00    1
    7    9        23   21        2.38390         41.709         45.417          -15.756          -14.443         0.14142E+00    0.18901E+00    1
    8   10        24   22        1.69946         35.062         37.163          -16.478          -14.554         0.14142E+00    0.18505E+00    1
    1    3        19   17        1.27908         74.325         78.444          -14.581          -13.345         0.14142E+00    0.20533E+00    1
    2    4        20   18        1.51239         65.850         70.740          -15.024          -13.889         0.14142E+00    0.21763E+00    1
    3    5        21   19        1.75308         57.980         63.147          -15.478          -14.362         0.14142E+00    0.22066E+00    1
    4    6        22   20        1.83633         51.062         55.284          -15.956          -14.758         0.14142E+00    0.20799E+00    1
    5    7        23   21        1.61277         44.748         47.368          -16.491          -15.049         0.14142E+00    0.18782E+00    1
    6    8        24   22        1.11110         38.759         40.045          -17.081          -15.058         0.14142E+00    0.17147E+00    1
    1    3        21   19        1.41843         57.999         62.314          -16.012          -14.370         0.14142E+00    0.22492E+00    1
    2    4        22   20        1.50075         53.349         56.968          -16.367          -14.951         0.14142E+00    0.20912E+00    1
    3    5        23   21        1.20726         49.467         51.339          -16.714          -15.337         0.14142E+00    0.17537E+00    1
    4    6        24   22        0.27250         45.297         45.640          -17.082          -15.338         0.14142E+00    0.16825E+00    1
    1    4        10    7        0.13641        251.807        251.125           -9.986          -10.329         0.14142E+00    0.14142E+00    0
    2    5        11    8        0.07608        250.079        249.704          -10.003          -10.284         0.14142E+00    0.14142E+00    0
    3    6        12    9        0.05533        246.322        246.052          -10.024          -10.204         0.14142E+00    0.14142E+00    0
    4    7        13   10        0.09872        243.766        243.285          -10.042          -10.130         0.14142E+00    0.14142E+00    0
    5    8        14   11        0.11315        241.009        240.464          -10.052          -10.077         0.14142E+00    0.14142E+00    0
    6    9        15   12        0.08858        238.726        238.303          -10.050          -10.027         0.14142E+00    0.14142E+00    0
    7   10        16   13        0.00679        237.005        236.977          -10.044           -9.979         0.14142E+00    0.14142E+00    0
    8   11        17   14        0.16028        231.977        232.722          -10.053           -9.970         0.14142E+00    0.14142E+00    0
    9   12        18   15        0.24596        226.149        227.264          -10.081          -10.024         0.14142E+00    0.14142E+00    0
   10   13        19   16        0.29828        216.829        218.126          -10.124          -10.105         0.14142E+00    0.14142E+00    0
   11   14        20   17        0.35138        209.581        211.059          -10.163          -10.181         0.14142E+00    0.14142E+00    0
   12   15        21   18        0.33815        201.368        202.734          -10.211          -10.283         0.14142E+00    0.14142E+00    0
   13   16        22   19        0.27960        189.000        190.059          -10.281          -10.456         0.14142E+00    0.14142E+00    0
   14   17        23   20        0.15607        177.493        178.045          -10.355          -10.668         0.14142E+00    0.14142E+00    0
   15   18        24   21        0.04485        164.589        164.714          -10.439          -10.908         0.14142E+00    0.14142E+00    0
    1    4        13   10        0.31436        212.529        211.101          -10.461          -10.723         0.14142E+00    0.14644E+00    1
    2    5        14   11        0.27984        202.299        201.104          -10.532          -10.824         0.14142E+00    0.14558E+00    1
    3    6        15   12        0.15640        192.004        191.406          -10.582          -10.857         0.14142E+00    0.14142E+00    0
    4    7        16   13        0.08701        182.055        182.368          -10.615          -10.861         0.14142E+00    0.14142E+00    0
    5    8        17   14        0.43956        171.050        172.560          -10.652          -10.880         0.14142E+00    0.14142E+00    0
    6    9        18   15        0.87494        159.562        162.378          -10.701          -10.942         0.14142E+00    0.14142E+00    0
    7   10        19   16        1.29791        146.360        150.325          -10.777          -11.036         0.14142E+00    0.14352E+00    1
    8   11        20   17        1.41148        133.260        138.069          -10.874          -11.164         0.14142E+00    0.15849E+00    1
    9   12        21   18        1.46855        118.986        124.068          -11.020          -11.359         0.14142E+00    0.16877E+00    1
   10   13        22   19        1.48231        104.708        109.299          -11.215          -11.602         0.14142E+00    0.17014E+00    1
   11   14        23   20        1.46225         91.133         94.706          -11.448          -11.857         0.14142E+00    0.16217E+00    1
   12   15        24   21        1.44041         78.465         80.866          -11.743          -12.083         0.14142E+00    0.14469E+00    1
    1    4        16   13        0.34975        140.980        142.239          -11.665          -11.619         0.14142E+00    0.15944E+00    1
    2    5        17   14        0.86412        127.960        130.473          -11.840          -11.848         0.14142E+00    0.15004E+00    1
    3    6        18   15        1.49445        114.864        118.731          -12.032          -12.036         0.14142E+00    0.14885E+00    1
    4    7        19   16        1.83719        101.293        106.452          -12.251          -12.213         0.14142E+00    0.16445E+00    1
    5    8        20   17        2.17060         88.678         94.943          -12.472          -12.388         0.14142E+00    0.17734E+00    1
    6    9        21   18        2.44472         76.203         83.007          -12.748          -12.611         0.14142E+00    0.18704E+00    1
    7   10        22   19        2.41817         64.734         71.116          -13.101          -12.885         0.14142E+00    0.19719E+00    1
    8   11        23   20        2.34450         54.262         59.303          -13.563          -13.203         0.14142E+00    0.19465E+00    1
    9   12        24   21        2.16080         45.110         48.396          -14.156          -13.497         0.14142E+00    0.18039E+00    1
    1    4        19   16        1.34259         83.704         87.865          -13.811          -12.997         0.14142E+00    0.19007E+00    1
    2    5        20   17        1.61009         74.010         79.053          -14.199          -13.417         0.14142E+00    0.20234E+00    1
    3    6        21   18        1.90259         64.378         69.911          -14.632          -13.795         0.14142E+00    0.20816E+00    1
    4    7        22   19        2.17468         55.497         60.768          -15.114          -14.153         0.14142E+00    0.20426E+00    1
    5    8        23   20        2.25100         47.484         51.676          -15.659          -14.471         0.14142E+00    0.19386E+00    1
    6    9        24   21        1.90413         40.452         43.185          -16.289          -14.659         0.14142E+00    0.18528E+00    1
    1    4        22   19        1.46689         56.361         60.359          -16.080          -14.584         0.14142E+00    0.21613E+00    1
    2    5        23   20        1.42774         51.786         54.684          -16.444          -15.059         0.14142E+00    0.19528E+00    1
    3    6        24   21        0.97195         47.504         48.867          -16.817          -15.256         0.14142E+00    0.17065E+00    1
